0 0.4077163712 0.0584144645 0.0333333333 0.0680555556
0 0.4807090719 0.0250347705 0.0447916667 0.0486111111
0 0.4838373306 0.0820584145 0.0406250000 0.0513888889
0 0.5662148071 0.0278164117 0.0395833333 0.0500000000
0 0.5568300313 0.1279554937 0.0281250000 0.0611111111
0 0.6298227320 0.0820584145 0.0322916667 0.0680555556
0 0.5901981230 0.2726008345 0.0395833333 0.0694444444
0 0.6423357664 0.1543810848 0.0250000000 0.0347222222
0 0.6684045881 0.2100139082 0.0229166667 0.0375000000
0 0.7987486966 0.2656467316 0.0385416667 0.0680555556
0 0.8706986444 0.3212795549 0.0416666667 0.0555555556
0 0.6736183525 0.3421418637 0.0427083333 0.0736111111
0 0.7059436913 0.2851182197 0.0364583333 0.0611111111
0 0.5391032325 0.3783031989 0.0458333333 0.0597222222
0 0.3795620438 0.2100139082 0.0281250000 0.0416666667
0 0.3920750782 0.2531293463 0.0270833333 0.0402777778
0 0.4504692388 0.5006954103 0.0729166667 0.0458333333
0 0.4900938478 0.5660639777 0.0479166667 0.0347222222
0 0.5286757039 0.5271210014 0.0312500000 0.0527777778
0 0.4139728884 0.4089012517 0.0406250000 0.0472222222
