0 0.4525547445 0.0208623088 0.0302083333 0.0402777778
0 0.5568300313 0.2267037552 0.0197916667 0.0305555556
0 0.6892596455 0.2545201669 0.0291666667 0.0583333333
0 0.7820646507 0.2378303199 0.0312500000 0.0513888889
0 0.6757038582 0.3171070932 0.0333333333 0.0569444444
0 0.6538060480 0.3087621697 0.0208333333 0.0388888889
0 0.3368091762 0.3783031989 0.0312500000 0.0486111111
0 0.3117831074 0.4408901252 0.0218750000 0.0361111111
0 0.3295099062 0.4645340751 0.0239583333 0.0319444444
0 0.3461939520 0.4951321280 0.0270833333 0.0347222222
0 0.3691345151 0.5048678720 0.0322916667 0.0402777778
0 0.4014598540 0.5146036161 0.0322916667 0.0416666667
0 0.4035453597 0.5563282337 0.0447916667 0.0388888889
0 0.4619395203 0.5438108484 0.0281250000 0.0486111111
0 0.5130344108 0.6648122392 0.0489583333 0.0500000000
0 0.6110531804 0.4019471488 0.0385416667 0.0541666667
0 0.4994786236 0.4422809458 0.0281250000 0.0430555556
0 0.5776850886 0.5771905424 0.0322916667 0.0444444444
0 0.3409801877 0.7885952712 0.0166666667 0.0375000000
0 0.2836287800 0.7760778860 0.0197916667 0.0388888889
0 0.3315954119 0.8497913769 0.0239583333 0.0361111111
0 0.7632950991 0.0862308762 0.0208333333 0.0277777778
