0 0.4734098019 0.0667593880 0.0375000000 0.0527777778
0 0.3931178311 0.0292072323 0.0312500000 0.0583333333
0 0.3576642336 0.1821974965 0.0312500000 0.0416666667
0 0.5703858186 0.2600834492 0.0364583333 0.0722222222
0 0.6277372263 0.1446453408 0.0177083333 0.0319444444
0 0.6527632951 0.2002781641 0.0208333333 0.0333333333
0 0.6923879041 0.2016689847 0.0302083333 0.0472222222
0 0.7820646507 0.2545201669 0.0364583333 0.0583333333
0 0.8571428571 0.3171070932 0.0375000000 0.0486111111
0 0.6871741397 0.2753824757 0.0416666667 0.0652777778
0 0.6590198123 0.3421418637 0.0395833333 0.0555555556
0 0.5224191867 0.3755215577 0.0489583333 0.0486111111
0 0.6120959333 0.4339360223 0.0385416667 0.0638888889
0 0.3680917623 0.2253129346 0.0312500000 0.0319444444
0 0.3826903024 0.3240611961 0.0187500000 0.0263888889
0 0.3899895725 0.3977746871 0.0208333333 0.0430555556
0 0.3993743483 0.4728789986 0.0260416667 0.0319444444
0 0.4358706986 0.5076495132 0.0312500000 0.0430555556
0 0.4608967675 0.5187760779 0.0229166667 0.0513888889
0 0.4588112617 0.5688456189 0.0479166667 0.0305555556
0 0.5067778936 0.5396383866 0.0333333333 0.0527777778
0 0.4963503650 0.6342141864 0.0322916667 0.0569444444
0 0.5432742440 0.1126564673 0.0270833333 0.0597222222
0 0.6152241919 0.0737134910 0.0218750000 0.0583333333
0 0.5505735141 0.6578581363 0.0520833333 0.0361111111
0 0.5547445255 0.4979137691 0.0229166667 0.0388888889
