0 0.4681960375 0.0514603616 0.0364583333 0.0486111111
0 0.5432742440 0.0389429764 0.0291666667 0.0472222222
0 0.5411887383 0.1001390821 0.0250000000 0.0541666667
0 0.6287799791 0.1363004172 0.0260416667 0.0291666667
0 0.6496350365 0.1905424200 0.0197916667 0.0291666667
0 0.6934306569 0.1919332406 0.0302083333 0.0458333333
0 0.6882168926 0.2670375522 0.0302083333 0.0597222222
0 0.6621480709 0.3268428373 0.0354166667 0.0527777778
0 0.7810218978 0.2503477051 0.0343750000 0.0541666667
0 0.8592283629 0.3115438108 0.0354166667 0.0402777778
0 0.5651720542 0.2531293463 0.0364583333 0.0555555556
0 0.3534932221 0.1627260083 0.0354166667 0.0347222222
0 0.3618352450 0.2058414465 0.0218750000 0.0375000000
0 0.3837330553 0.2378303199 0.0260416667 0.0305555556
0 0.3722627737 0.3991655076 0.0291666667 0.0472222222
0 0.3774765381 0.4756606398 0.0229166667 0.0291666667
0 0.4118873827 0.5118219750 0.0322916667 0.0458333333
0 0.4421272158 0.5660639777 0.0531250000 0.0416666667
0 0.4900938478 0.5340751043 0.0322916667 0.0458333333
0 0.4817518248 0.6453407510 0.0312500000 0.0388888889
0 0.5213764338 0.6689847010 0.0270833333 0.0458333333
0 0.5703858186 0.5271210014 0.0312500000 0.0416666667
0 0.2711157456 0.6981919332 0.0270833333 0.0763888889
0 0.7810218978 0.3421418637 0.0322916667 0.0569444444
0 0.2961418144 0.6815020862 0.0343750000 0.0652777778
0 0.5182481752 0.3685674548 0.0531250000 0.0638888889
0 0.6068821689 0.4283727399 0.0385416667 0.0722222222
