0 0.5559030493 0.0542420028 0.0242187500 0.0861111111
0 0.6098514464 0.0250347705 0.0320312500 0.0486111111
0 0.6129788898 0.0834492350 0.0328125000 0.0694444444
0 0.6763096169 0.0292072323 0.0265625000 0.0541666667
0 0.6684910086 0.1307371349 0.0203125000 0.0680555556
0 0.6927286943 0.2739916551 0.0398437500 0.0805555556
0 0.7240031274 0.0848400556 0.0226562500 0.0777777778
0 0.7333854574 0.1585535466 0.0179687500 0.0444444444
0 0.7521501173 0.2072322670 0.0148437500 0.0333333333
0 0.7560594214 0.3365785814 0.0343750000 0.0847222222
0 0.8475371384 0.2614742698 0.0335937500 0.0763888889
0 0.9022673964 0.3254520167 0.0343750000 0.0708333333
0 0.5871774824 0.4937413074 0.0554687500 0.0708333333
0 0.6458170446 0.5340751043 0.0328125000 0.0638888889
0 0.6153244722 0.5618915160 0.0484375000 0.0347222222
0 0.7154026583 0.4408901252 0.0414062500 0.0777777778
0 0.5340109461 0.2100139082 0.0273437500 0.0430555556
0 0.5418295543 0.2586926287 0.0296875000 0.0555555556
0 0.6724003127 0.6578581363 0.0359375000 0.0513888889
0 0.6364347146 0.6300417246 0.0312500000 0.0555555556
0 0.7810789679 0.2823365786 0.0289062500 0.0736111111
0 0.8412822518 0.3546592490 0.0289062500 0.0597222222
0 0.8201720094 0.0667593880 0.0226562500 0.0458333333
0 0.7810789679 0.0431154381 0.0203125000 0.0319444444
0 0.8467552776 0.1168289291 0.0187500000 0.0444444444
