0 0.5989053948 0.0361613352 0.0281250000 0.0402777778
0 0.5136825645 0.1404728790 0.0125000000 0.0236111111
0 0.5058639562 0.1529902643 0.0148437500 0.0250000000
0 0.5152462862 0.1863699583 0.0164062500 0.0319444444
0 0.5089913995 0.2934631433 0.0132812500 0.0263888889
0 0.5082095387 0.3198887344 0.0140625000 0.0236111111
0 0.5222830336 0.3949930459 0.0187500000 0.0486111111
0 0.5082095387 0.4603616134 0.0156250000 0.0263888889
0 0.5199374511 0.4770514604 0.0164062500 0.0263888889
0 0.5496481626 0.5146036161 0.0218750000 0.0541666667
0 0.6121970289 0.5452016690 0.0156250000 0.0513888889
0 0.5676309617 0.5716272601 0.0398437500 0.0375000000
0 0.5981235340 0.6522948540 0.0257812500 0.0402777778
0 0.6372165754 0.6731571627 0.0242187500 0.0361111111
0 0.6763096169 0.2433936022 0.0171875000 0.0333333333
0 0.7505863956 0.3337969402 0.0312500000 0.0666666667
0 0.7709147772 0.2628650904 0.0210937500 0.0638888889
0 0.8342455043 0.2475660640 0.0218750000 0.0583333333
0 0.8154808444 0.3894297636 0.0203125000 0.0375000000
0 0.7216575450 0.1265646732 0.0148437500 0.0291666667
0 0.7372947615 0.1835883171 0.0148437500 0.0194444444
0 0.7990617670 0.1780250348 0.0125000000 0.0208333333
0 0.8279906177 0.0945757997 0.0125000000 0.0277777778
0 0.8006254887 0.0431154381 0.0156250000 0.0263888889
0 0.6520719312 0.0973574409 0.0187500000 0.0333333333
0 0.8936669273 0.3101529903 0.0156250000 0.0388888889
0 0.6309616888 0.4547983310 0.0273437500 0.0500000000
0 0.7091477717 0.4186369958 0.0296875000 0.0652777778
0 0.6340891321 0.3699582754 0.0476562500 0.0750000000
0 0.5308835027 0.5146036161 0.0210937500 0.0277777778
0 0.5707584050 0.5271210014 0.0242187500 0.0472222222
