0 0.6035965598 0.0695410292 0.0281250000 0.0402777778
0 0.7451133698 0.3310152990 0.0312500000 0.0666666667
0 0.7638780297 0.2698191933 0.0210937500 0.0638888889
0 0.7216575450 0.1474269819 0.0148437500 0.0291666667
0 0.7068021892 0.4381084840 0.0296875000 0.0652777778
0 0.6450351837 0.3699582754 0.0476562500 0.0750000000
0 0.6739640344 0.2573018081 0.0296875000 0.0638888889
0 0.7372947615 0.1974965229 0.0109375000 0.0291666667
0 0.5418295543 0.3991655076 0.0203125000 0.0569444444
0 0.6856919468 0.4673157163 0.0195312500 0.0486111111
0 0.7967161845 0.2002781641 0.0156250000 0.0319444444
0 0.8334636435 0.1168289291 0.0140625000 0.0291666667
0 0.7693510555 0.0389429764 0.0171875000 0.0291666667
0 0.8936669273 0.3171070932 0.0273437500 0.0444444444
0 0.8365910868 0.2614742698 0.0265625000 0.0625000000
0 0.7701329163 0.2030598053 0.0218750000 0.0500000000
0 0.5199374511 0.1780250348 0.0242187500 0.0472222222
0 0.5277560594 0.2294853964 0.0203125000 0.0541666667
0 0.5457388585 0.0319888734 0.0234375000 0.0611111111
0 0.5347928069 0.4631432545 0.0109375000 0.0194444444
0 0.5519937451 0.4728789986 0.0203125000 0.0291666667
0 0.5441751368 0.4979137691 0.0273437500 0.0277777778
0 0.5738858483 0.5076495132 0.0304687500 0.0513888889
0 0.5934323690 0.5674547983 0.0398437500 0.0333333333
0 0.6286161063 0.5382475661 0.0242187500 0.0597222222
0 0.6622361220 0.6592489569 0.0414062500 0.0472222222
0 0.6223612197 0.6342141864 0.0273437500 0.0527777778
0 0.6583268178 0.1140472879 0.0195312500 0.0666666667
