0 0.5723221267 0.0695410292 0.0210937500 0.0888888889
0 0.6215793589 0.0417246175 0.0351562500 0.0611111111
0 0.6262705238 0.0973574409 0.0335937500 0.0611111111
0 0.5566849101 0.2225312935 0.0281250000 0.0444444444
0 0.5676309617 0.2712100139 0.0312500000 0.0625000000
0 0.6544175137 0.0431154381 0.0210937500 0.0527777778
0 0.6849100860 0.0445062587 0.0304687500 0.0597222222
0 0.6833463643 0.1349095967 0.0265625000 0.0680555556
0 0.7341673182 0.0904033380 0.0289062500 0.0805555556
0 0.7490226740 0.0180806676 0.0218750000 0.0361111111
0 0.7935887412 0.0375521558 0.0203125000 0.0305555556
0 0.8334636435 0.0598052851 0.0179687500 0.0458333333
0 0.7498045348 0.1529902643 0.0226562500 0.0361111111
0 0.8663017983 0.2586926287 0.0312500000 0.0694444444
0 0.9171227522 0.3296244784 0.0351562500 0.0722222222
0 0.7114933542 0.2684283727 0.0453125000 0.0666666667
0 0.7951524629 0.2739916551 0.0296875000 0.0875000000
0 0.7732603597 0.3324061196 0.0406250000 0.0819444444
0 0.5840500391 0.4853963839 0.0203125000 0.0597222222
0 0.6090695856 0.4895688456 0.0281250000 0.0625000000
0 0.6301798280 0.4951321280 0.0179687500 0.0652777778
0 0.6583268178 0.5173852573 0.0304687500 0.0611111111
0 0.6497263487 0.6356050070 0.0234375000 0.0458333333
0 0.6810007819 0.6578581363 0.0312500000 0.0513888889
0 0.8084440970 0.1460361613 0.0289062500 0.0888888889
0 0.7709147772 0.2016689847 0.0171875000 0.0486111111
0 0.5426114152 0.6815020862 0.0234375000 0.0375000000
