0 0.5817044566 0.0709318498 0.0210937500 0.0777777778
0 0.6309616888 0.0458970793 0.0390625000 0.0513888889
0 0.6356528538 0.0973574409 0.0351562500 0.0569444444
0 0.6630179828 0.0472878999 0.0187500000 0.0527777778
0 0.6935105551 0.0486787204 0.0367187500 0.0583333333
0 0.6903831118 0.1265646732 0.0296875000 0.0930555556
0 0.7451133698 0.0862308762 0.0289062500 0.0777777778
0 0.7537138389 0.0208623088 0.0304687500 0.0430555556
0 0.7990617670 0.0333796940 0.0203125000 0.0361111111
0 0.8389366693 0.0542420028 0.0250000000 0.0458333333
0 0.8584831900 0.0834492350 0.0125000000 0.0388888889
0 0.7607505864 0.1460361613 0.0203125000 0.0388888889
0 0.9233776388 0.3254520167 0.0351562500 0.0666666667
0 0.8709929633 0.2545201669 0.0343750000 0.0722222222
0 0.8021892103 0.1988873435 0.0335937500 0.0555555556
0 0.8678655199 0.1029207232 0.0171875000 0.0291666667
0 0.8952306489 0.1891515994 0.0257812500 0.0458333333
0 0.7146207975 0.2559109875 0.0476562500 0.0597222222
0 0.5731039875 0.2586926287 0.0359375000 0.1013888889
