0 0.5496481626 0.0445062587 0.0226562500 0.0638888889
0 0.6082877248 0.0737134910 0.0296875000 0.0763888889
0 0.6684910086 0.0264255911 0.0234375000 0.0527777778
0 0.6606724003 0.1321279555 0.0218750000 0.0500000000
0 0.5254104769 0.1988873435 0.0234375000 0.0416666667
0 0.5293197811 0.2447844228 0.0257812500 0.0416666667
0 0.5512118843 0.4047287900 0.0218750000 0.0416666667
0 0.6833463643 0.2684283727 0.0335937500 0.0805555556
0 0.7263487099 0.1515994437 0.0187500000 0.0388888889
0 0.7427677873 0.2072322670 0.0164062500 0.0416666667
0 0.7685691947 0.2823365786 0.0320312500 0.0847222222
0 0.7466770915 0.3296244784 0.0375000000 0.0958333333
0 0.8397185301 0.2600834492 0.0289062500 0.0722222222
0 0.8960125098 0.3226703755 0.0328125000 0.0652777778
0 0.7146207975 0.0862308762 0.0203125000 0.0736111111
0 0.5629397967 0.4742698192 0.0226562500 0.0277777778
0 0.5574667709 0.4951321280 0.0296875000 0.0305555556
0 0.5887412041 0.5006954103 0.0296875000 0.0500000000
0 0.6067240031 0.5090403338 0.0203125000 0.0652777778
0 0.6051602815 0.5660639777 0.0328125000 0.0333333333
0 0.6372165754 0.5340751043 0.0250000000 0.0541666667
0 0.6692728694 0.5034770515 0.0179687500 0.0569444444
0 0.7107114934 0.4450625869 0.0335937500 0.0638888889
0 0.6293979672 0.6314325452 0.0296875000 0.0583333333
