0 0.4777169664 0.1363004172 0.0117187500 0.0319444444
0 0.4886630180 0.1738525730 0.0085937500 0.0208333333
0 0.4683346364 0.2753824757 0.0125000000 0.0250000000
0 0.5387021110 0.2030598053 0.0085937500 0.0166666667
0 0.6411258796 0.0417246175 0.0093750000 0.0152777778
0 0.6340891321 0.0556328234 0.0117187500 0.0180555556
0 0.6325254105 0.0737134910 0.0117187500 0.0222222222
0 0.6559812353 0.2253129346 0.0140625000 0.0222222222
0 0.7052384676 0.1237830320 0.0101562500 0.0222222222
0 0.7630961689 0.2586926287 0.0148437500 0.0416666667
0 0.7372947615 0.3115438108 0.0117187500 0.0277777778
0 0.7419859265 0.1015299026 0.0093750000 0.0194444444
0 0.7888975762 0.0486787204 0.0125000000 0.0208333333
0 0.7529319781 0.0236439499 0.0093750000 0.0194444444
0 0.8162627052 0.0931849791 0.0109375000 0.0222222222
0 0.8342455043 0.2378303199 0.0203125000 0.0361111111
0 0.7896794371 0.1766342142 0.0085937500 0.0138888889
0 0.7232212666 0.0723226704 0.0085937500 0.0166666667
0 0.8256450352 0.3852573018 0.0140625000 0.0277777778
0 0.6755277561 0.4909596662 0.0156250000 0.0347222222
0 0.6833463643 0.5744089013 0.0179687500 0.0430555556
0 0.5801407349 0.5312934631 0.0210937500 0.0263888889
0 0.6192337764 0.4311543811 0.0187500000 0.0402777778
0 0.6419077404 0.3949930459 0.0195312500 0.0277777778
0 0.4636434715 0.4228094576 0.0140625000 0.0208333333
0 0.4769351056 0.4450625869 0.0148437500 0.0208333333
0 0.4917904613 0.4728789986 0.0203125000 0.0250000000
0 0.4784988272 0.3643949930 0.0179687500 0.0416666667
0 0.5293197811 0.5034770515 0.0203125000 0.0263888889
0 0.5293197811 0.5452016690 0.0398437500 0.0277777778
0 0.6012509773 0.5799721836 0.0195312500 0.0222222222
0 0.5809225958 0.6397774687 0.0195312500 0.0319444444
0 0.6231430805 0.6717663421 0.0179687500 0.0333333333
0 0.6442533229 0.6620305981 0.0218750000 0.0277777778
0 0.4589523065 0.7649513213 0.0156250000 0.0375000000
0 0.4730258014 0.7468706537 0.0117187500 0.0305555556
0 0.5035183737 0.7844228095 0.0125000000 0.0291666667
0 0.4738076622 0.8317107093 0.0164062500 0.0305555556
0 0.5003909304 0.8414464534 0.0101562500 0.0319444444
0 0.4120406568 0.6564673157 0.0148437500 0.0236111111
