0 0.0907668232 0.0591016548 0.0531250000 0.0448113208
0 0.1752738654 0.1111111111 0.0234375000 0.0589622642
0 0.1330203443 0.1702127660 0.0250000000 0.0448113208
0 0.1267605634 0.2151300236 0.0390625000 0.0400943396
0 0.0625978091 0.1843971631 0.0250000000 0.0283018868
0 0.0359937402 0.2269503546 0.0359375000 0.0495283019
0 0.0892018779 0.3167848700 0.0250000000 0.0353773585
0 0.1517996870 0.3026004728 0.0234375000 0.0400943396
0 0.1909233177 0.2907801418 0.0312500000 0.0377358491
0 0.2269170579 0.2907801418 0.0265625000 0.0448113208
0 0.2081377152 0.2056737589 0.0296875000 0.0613207547
0 0.1142410016 0.4609929078 0.0578125000 0.0683962264
0 0.1502347418 0.4160756501 0.0390625000 0.0707547170
0 0.1956181534 0.4042553191 0.0343750000 0.0471698113
0 0.2363067293 0.4018912530 0.0296875000 0.0353773585
0 0.0516431925 0.4420803783 0.0406250000 0.0495283019
0 0.2128325509 0.3191489362 0.0171875000 0.0330188679
0 0.2347417840 0.3167848700 0.0187500000 0.0259433962
0 0.2347417840 0.8392434988 0.0515625000 0.0778301887
0 0.3489827856 0.5555555556 0.0218750000 0.0495283019
0 0.2942097027 0.6099290780 0.0218750000 0.0542452830
0 0.4694835681 0.5200945626 0.0359375000 0.0683962264
0 0.4898278560 0.6170212766 0.0484375000 0.0683962264
0 0.5148669797 0.7257683215 0.0578125000 0.0778301887
0 0.5352112676 0.4988179669 0.0359375000 0.0660377358
0 0.6009389671 0.2695035461 0.0312500000 0.0518867925
0 0.6291079812 0.3120567376 0.0390625000 0.0589622642
0 0.6588419405 0.2529550827 0.0328125000 0.0613207547
0 0.7010954617 0.4302600473 0.0500000000 0.0707547170
0 0.6651017214 0.4373522459 0.0328125000 0.0542452830
0 0.7120500782 0.6028368794 0.0296875000 0.0424528302
0 0.7370892019 0.5957446809 0.0328125000 0.0448113208
0 0.7464788732 0.6595744681 0.0328125000 0.0613207547
0 0.7527386541 0.7423167849 0.0359375000 0.0424528302
0 0.7621283255 0.7115839243 0.0234375000 0.0377358491
0 0.7840375587 0.7659574468 0.0218750000 0.0353773585
0 0.8309859155 0.7423167849 0.0593750000 0.0542452830
0 0.7902973396 0.8557919622 0.0296875000 0.0754716981
0 0.8122065728 0.6572104019 0.0437500000 0.0542452830
0 0.7777777778 0.6595744681 0.0218750000 0.0424528302
0 0.7730829421 0.6099290780 0.0218750000 0.0424528302
0 0.7871674491 0.5508274232 0.0437500000 0.0518867925
0 0.7699530516 0.5082742317 0.0328125000 0.0731132075
0 0.7558685446 0.4302600473 0.0390625000 0.0683962264
0 0.7386541471 0.3664302600 0.0312500000 0.0566037736
0 0.7167449139 0.3167848700 0.0406250000 0.0849056604
0 0.7402190923 0.1914893617 0.0281250000 0.0731132075
0 0.7777777778 0.1773049645 0.0359375000 0.1084905660
0 0.8309859155 0.4113475177 0.0375000000 0.0636792453
0 0.8607198748 0.5082742317 0.0515625000 0.0660377358
0 0.9107981221 0.5082742317 0.0328125000 0.0707547170
0 0.8810641628 0.5957446809 0.0453125000 0.0943396226
0 0.9123630673 0.6572104019 0.0453125000 0.0943396226
0 0.8607198748 0.2600472813 0.0218750000 0.0518867925
0 0.8372456964 0.2765957447 0.0218750000 0.1037735849
0 0.7856025039 0.2742316785 0.0281250000 0.0566037736
0 0.7934272300 0.0496453901 0.0281250000 0.0471698113
0 0.6071987480 0.4208037825 0.0265625000 0.0542452830
0 0.6150234742 0.4633569740 0.0187500000 0.0353773585
0 0.6165884194 0.5319148936 0.0406250000 0.1108490566
0 0.5946791862 0.6028368794 0.0390625000 0.0566037736
0 0.6291079812 0.6477541371 0.0281250000 0.0707547170
0 0.6635367762 0.7092198582 0.0546875000 0.0778301887
0 0.6823161189 0.8037825059 0.0218750000 0.0471698113
0 0.5414710485 0.5886524823 0.0218750000 0.0424528302
0 0.6306729264 0.9361702128 0.0328125000 0.0353773585
0 0.5618153365 0.8321513002 0.0312500000 0.0400943396
0 0.5774647887 0.8794326241 0.0250000000 0.0353773585
0 0.7120500782 0.9078014184 0.0234375000 0.0400943396
0 0.8513302034 0.8297872340 0.0296875000 0.0377358491
0 0.3787167449 0.5981087470 0.0328125000 0.0471698113
