0 0.4600938967 0.0520094563 0.0453125000 0.0400943396
0 0.4084507042 0.0567375887 0.0234375000 0.0377358491
0 0.4241001565 0.0732860520 0.0187500000 0.0330188679
0 0.3818466354 0.0898345154 0.0359375000 0.0518867925
0 0.3615023474 0.1347517730 0.0328125000 0.0518867925
0 0.5446009390 0.1134751773 0.0234375000 0.0495283019
0 0.6431924883 0.1985815603 0.0343750000 0.0542452830
0 0.6666666667 0.1938534279 0.0281250000 0.0542452830
0 0.7120500782 0.2434988180 0.0343750000 0.0542452830
0 0.6040688576 0.2600472813 0.0343750000 0.0448113208
0 0.6353677621 0.2718676123 0.0187500000 0.0283018868
0 0.6212832551 0.4326241135 0.0421875000 0.0589622642
0 0.4882629108 0.2364066194 0.0296875000 0.0424528302
0 0.4694835681 0.2576832151 0.0296875000 0.0424528302
0 0.4381846635 0.2127659574 0.0187500000 0.0377358491
0 0.7965571205 0.3806146572 0.0234375000 0.0330188679
0 0.1455399061 0.6950354610 0.0265625000 0.0353773585
0 0.0657276995 0.7706855792 0.0218750000 0.0377358491
0 0.1111111111 0.7635933806 0.0265625000 0.0330188679
0 0.0938967136 0.8557919622 0.0375000000 0.0542452830
0 0.2926447574 0.7044917258 0.0343750000 0.0636792453
0 0.2143974961 0.6737588652 0.0546875000 0.0636792453
0 0.5226917058 0.5721040189 0.0390625000 0.0589622642
0 0.5054773083 0.5106382979 0.0484375000 0.0542452830
0 0.4366197183 0.4940898345 0.0437500000 0.0495283019
0 0.4225352113 0.3900709220 0.0468750000 0.0566037736
