0 0.3051643192 0.6997635934 0.0265625000 0.0518867925
0 0.3849765258 0.7115839243 0.0234375000 0.0330188679
0 0.4068857590 0.7257683215 0.0187500000 0.0306603774
0 0.3677621283 0.7494089835 0.0250000000 0.0353773585
0 0.1564945227 0.6973995272 0.0265625000 0.0330188679
0 0.1971830986 0.4822695035 0.0156250000 0.0377358491
0 0.2550860720 0.4539007092 0.0234375000 0.0377358491
0 0.3129890454 0.5460992908 0.0187500000 0.0306603774
0 0.4491392801 0.4893617021 0.0203125000 0.0400943396
0 0.5305164319 0.5697399527 0.0203125000 0.0353773585
0 0.7120500782 0.2529550827 0.0312500000 0.0424528302
0 0.6697965571 0.2127659574 0.0187500000 0.0377358491
0 0.6463223787 0.2127659574 0.0265625000 0.0377358491
0 0.4929577465 0.2458628842 0.0281250000 0.0731132075
0 0.4741784038 0.2600472813 0.0203125000 0.0330188679
0 0.5305164319 0.2789598109 0.0203125000 0.0259433962
0 0.6338028169 0.2789598109 0.0203125000 0.0259433962
0 0.4256651017 0.3877068558 0.0265625000 0.0353773585
0 0.1815336463 0.3238770686 0.0234375000 0.0400943396
0 0.4538341158 0.0614657210 0.0343750000 0.0424528302
0 0.4006259781 0.0543735225 0.0234375000 0.0330188679
0 0.3646322379 0.1394799054 0.0218750000 0.0306603774
0 0.4397496088 0.2127659574 0.0187500000 0.0283018868
0 0.3458528951 0.2529550827 0.0281250000 0.0330188679
0 0.6291079812 0.4278959811 0.0234375000 0.0330188679
0 0.1502347418 0.5579196217 0.0218750000 0.0353773585
0 0.6025039124 0.2671394799 0.0296875000 0.0471698113
0 0.4131455399 0.5531914894 0.0218750000 0.0448113208
