0 0.7136150235 0.2482269504 0.0359375000 0.0518867925
0 0.6713615023 0.2009456265 0.0296875000 0.0448113208
0 0.6729264476 0.2387706856 0.0265625000 0.0306603774
0 0.6447574335 0.1985815603 0.0343750000 0.0542452830
0 0.5446009390 0.1182033097 0.0218750000 0.0471698113
0 0.4600938967 0.0591016548 0.0437500000 0.0471698113
0 0.4084507042 0.0567375887 0.0250000000 0.0377358491
0 0.3865414710 0.0898345154 0.0281250000 0.0471698113
0 0.3630672926 0.1347517730 0.0343750000 0.0471698113
0 0.4945226917 0.2364066194 0.0281250000 0.0495283019
0 0.4741784038 0.2624113475 0.0250000000 0.0400943396
0 0.5289514867 0.2813238771 0.0250000000 0.0400943396
0 0.6056338028 0.2647754137 0.0265625000 0.0471698113
0 0.6384976526 0.2742316785 0.0218750000 0.0283018868
0 0.6259780908 0.4302600473 0.0343750000 0.0566037736
0 0.5164319249 0.4491725768 0.0390625000 0.0471698113
0 0.5086071987 0.5106382979 0.0390625000 0.0518867925
0 0.5273865415 0.5768321513 0.0343750000 0.0495283019
0 0.4413145540 0.4940898345 0.0359375000 0.0448113208
0 0.4068857590 0.5531914894 0.0281250000 0.0495283019
0 0.4209702660 0.3971631206 0.0265625000 0.0495283019
0 0.3458528951 0.2624113475 0.0250000000 0.0377358491
0 0.4413145540 0.2151300236 0.0171875000 0.0400943396
0 0.2989045383 0.7044917258 0.0390625000 0.0566037736
0 0.2222222222 0.6737588652 0.0578125000 0.0613207547
0 0.1502347418 0.6950354610 0.0296875000 0.0377358491
0 0.1095461659 0.8439716312 0.0203125000 0.0283018868
0 0.0954616588 0.8652482270 0.0234375000 0.0471698113
0 0.0719874804 0.7754137116 0.0265625000 0.0400943396
0 0.2676056338 0.8132387707 0.0265625000 0.0424528302
0 0.3677621283 0.7517730496 0.0343750000 0.0471698113
0 0.3771517997 0.7163120567 0.0281250000 0.0400943396
0 0.4037558685 0.7352245863 0.0312500000 0.0424528302
0 0.2691705790 0.3593380615 0.0453125000 0.0660377358
0 0.1705790297 0.2600472813 0.0312500000 0.0448113208
0 0.1643192488 0.3286052009 0.0421875000 0.0448113208
0 0.1893583725 0.4822695035 0.0218750000 0.0448113208
