0 0.1815336463 0.3238770686 0.0187500000 0.0330188679
0 0.1971830986 0.4751773050 0.0171875000 0.0377358491
0 0.1471048513 0.5555555556 0.0187500000 0.0306603774
0 0.1596244131 0.6926713948 0.0234375000 0.0259433962
0 0.3067292645 0.6926713948 0.0265625000 0.0542452830
0 0.3129890454 0.5437352246 0.0218750000 0.0400943396
0 0.3834115806 0.7044917258 0.0203125000 0.0306603774
0 0.4100156495 0.7234042553 0.0171875000 0.0283018868
0 0.5305164319 0.5697399527 0.0187500000 0.0353773585
0 0.4272300469 0.3900709220 0.0218750000 0.0283018868
0 0.4757433490 0.2576832151 0.0171875000 0.0259433962
0 0.5305164319 0.2789598109 0.0234375000 0.0306603774
0 0.6040688576 0.2671394799 0.0281250000 0.0400943396
0 0.6338028169 0.2765957447 0.0171875000 0.0306603774
0 0.6478873239 0.2104018913 0.0171875000 0.0353773585
0 0.6682316119 0.2104018913 0.0187500000 0.0306603774
0 0.7120500782 0.2529550827 0.0250000000 0.0306603774
0 0.4538341158 0.0614657210 0.0250000000 0.0306603774
0 0.3630672926 0.1418439716 0.0234375000 0.0283018868
0 0.2738654147 0.8108747045 0.0218750000 0.0424528302
0 0.4491392801 0.4869976359 0.0171875000 0.0306603774
0 0.2582159624 0.4539007092 0.0218750000 0.0259433962
0 0.4945226917 0.2553191489 0.0265625000 0.0754716981
