0 0.0198019802 0.0389249305 0.0104166667 0.0166666667
0 0.0411672746 0.0630213160 0.0125000000 0.0185185185
0 0.0390828557 0.1028730306 0.0234375000 0.0379629630
0 0.1031787389 0.0166821131 0.0109375000 0.0129629630
0 0.1328817092 0.0342910102 0.0151041667 0.0305555556
0 0.1412193851 0.0593141798 0.0109375000 0.0166666667
0 0.1855132882 0.0185356812 0.0109375000 0.0212962963
0 0.2042730589 0.0611677479 0.0125000000 0.0324074074
0 0.1849921834 0.0759962929 0.0197916667 0.0268518519
0 0.2266805628 0.1000926784 0.0093750000 0.0166666667
0 0.3163105784 0.0157553290 0.0234375000 0.0222222222
0 0.3017196456 0.0352177943 0.0307291667 0.0231481481
0 0.2912975508 0.0537534754 0.0119791667 0.0194444444
0 0.2647212090 0.0963855422 0.0166666667 0.0277777778
0 0.3110995310 0.0741427247 0.0140625000 0.0231481481
0 0.3043251694 0.0898980538 0.0072916667 0.0157407407
0 0.3152683689 0.1028730306 0.0057291667 0.0092592593
0 0.0385617509 0.1890639481 0.0187500000 0.0472222222
0 0.0802501303 0.2001853568 0.0192708333 0.0453703704
0 0.0072954664 0.2289156627 0.0151041667 0.0333333333
0 0.0140698280 0.2622798888 0.0187500000 0.0287037037
0 0.0984887962 0.2919369787 0.0197916667 0.0351851852
0 0.1433038041 0.2817423540 0.0171875000 0.0333333333
0 0.2094841063 0.3484708063 0.0083333333 0.0129629630
0 0.2173006774 0.3790546803 0.0098958333 0.0231481481
0 0.2199062011 0.4105653383 0.0046875000 0.0129629630
0 0.2240750391 0.4281742354 0.0145833333 0.0166666667
0 0.2214695154 0.1853568119 0.0156250000 0.0259259259
0 0.2235539343 0.2038924930 0.0140625000 0.0194444444
0 0.2204273059 0.2177942539 0.0109375000 0.0157407407
0 0.2443981240 0.1872103800 0.0093750000 0.0222222222
0 0.2688900469 0.2103799815 0.0130208333 0.0268518519
0 0.2579468473 0.2863762743 0.0140625000 0.0259259259
0 0.2876498176 0.2493049120 0.0078125000 0.0148148148
0 0.3011985409 0.2669138091 0.0098958333 0.0203703704
0 0.3246482543 0.2780352178 0.0093750000 0.0240740741
0 0.3189161021 0.2873030584 0.0109375000 0.0203703704
0 0.2730588848 0.1733086191 0.0062500000 0.0129629630
0 0.1667535175 0.1658943466 0.0041666667 0.0138888889
0 0.1584158416 0.1658943466 0.0088541667 0.0175925926
0 0.1823866597 0.1241890639 0.0057291667 0.0101851852
0 0.1787389265 0.1306765524 0.0052083333 0.0101851852
0 0.3574778530 0.1529193698 0.0083333333 0.0212962963
0 0.3678999479 0.1631139944 0.0119791667 0.0305555556
0 0.3418447108 0.1872103800 0.0119791667 0.0194444444
0 0.3861386139 0.1946246525 0.0093750000 0.0212962963
0 0.4220948411 0.2493049120 0.0182291667 0.0314814815
0 0.4387701928 0.2715477294 0.0208333333 0.0611111111
0 0.4262636790 0.3002780352 0.0104166667 0.0166666667
0 0.4351224596 0.3178869323 0.0083333333 0.0175925926
0 0.4424179260 0.3113994439 0.0078125000 0.0138888889
0 0.3189161021 0.3447636701 0.0078125000 0.0185185185
0 0.3350703491 0.3215940686 0.0046875000 0.0083333333
0 0.3366336634 0.3345690454 0.0067708333 0.0129629630
0 0.0239708181 0.3809082484 0.0182291667 0.0277777778
0 0.0672225117 0.4068582020 0.0067708333 0.0148148148
0 0.0495049505 0.4874884152 0.0182291667 0.0370370370
0 0.0526315789 0.5217794254 0.0177083333 0.0333333333
0 0.0734757686 0.5319740500 0.0114583333 0.0212962963
0 0.0130276186 0.5264133457 0.0119791667 0.0231481481
0 0.0213652944 0.5403151066 0.0140625000 0.0231481481
0 0.0109431996 0.5551436515 0.0078125000 0.0166666667
0 0.1261073476 0.4578313253 0.0093750000 0.0157407407
0 0.0979676915 0.4810009268 0.0119791667 0.0277777778
0 0.0974465868 0.5273401297 0.0098958333 0.0148148148
0 0.0948410631 0.5078776645 0.0166666667 0.0268518519
0 0.1766545076 0.4847080630 0.0203125000 0.0407407407
0 0.1620635748 0.5125115848 0.0078125000 0.0148148148
0 0.1704012507 0.5245597776 0.0057291667 0.0083333333
0 0.2006253257 0.4365152919 0.0078125000 0.0203703704
0 0.1188118812 0.5746061168 0.0083333333 0.0175925926
0 0.1214174049 0.5634847081 0.0078125000 0.0092592593
0 0.1146430433 0.6024096386 0.0083333333 0.0212962963
0 0.1599791558 0.5644114921 0.0125000000 0.0148148148
0 0.1750911933 0.5912882298 0.0093750000 0.0212962963
0 0.0078165711 0.6570898981 0.0098958333 0.0277777778
0 0.0390828557 0.6774791474 0.0161458333 0.0287037037
0 0.0948410631 0.7581093605 0.0229166667 0.0351851852
0 0.0265763418 0.7710843373 0.0171875000 0.0370370370
0 0.2183428869 0.6014828545 0.0104166667 0.0148148148
0 0.2303282960 0.5718257646 0.0135416667 0.0203703704
0 0.2339760292 0.5912882298 0.0151041667 0.0157407407
0 0.2506513809 0.5412418906 0.0130208333 0.0222222222
0 0.2589890568 0.5690454124 0.0208333333 0.0287037037
0 0.2741010943 0.5338276182 0.0046875000 0.0120370370
0 0.3116206357 0.4652455978 0.0088541667 0.0157407407
0 0.3387180823 0.5690454124 0.0171875000 0.0333333333
0 0.3210005211 0.5922150139 0.0151041667 0.0175925926
0 0.3210005211 0.5671918443 0.0062500000 0.0111111111
0 0.3163105784 0.5773864690 0.0078125000 0.0129629630
0 0.2204273059 0.7182576460 0.0098958333 0.0175925926
0 0.2047941636 0.7469879518 0.0119791667 0.0194444444
0 0.2589890568 0.7479147359 0.0088541667 0.0157407407
0 0.2511724857 0.7757182576 0.0098958333 0.0212962963
0 0.2965085982 0.7627432808 0.0145833333 0.0222222222
0 0.3157894737 0.7636700649 0.0114583333 0.0203703704
0 0.3606044815 0.6441149212 0.0125000000 0.0185185185
0 0.3955184992 0.6274328082 0.0177083333 0.0296296296
0 0.3955184992 0.6626506024 0.0234375000 0.0259259259
0 0.4168837936 0.6645041705 0.0125000000 0.0231481481
0 0.3454924440 0.7173308619 0.0093750000 0.0138888889
0 0.3632100052 0.7164040778 0.0072916667 0.0138888889
0 0.3715476811 0.7303058387 0.0109375000 0.0157407407
0 0.3934340803 0.7469879518 0.0125000000 0.0175925926
0 0.4028139656 0.7451343837 0.0067708333 0.0148148148
0 0.4116727462 0.7627432808 0.0109375000 0.0185185185
0 0.3783220427 0.7794253939 0.0114583333 0.0148148148
0 0.4377279833 0.7145505097 0.0083333333 0.0148148148
0 0.0338718082 0.9582947173 0.0130208333 0.0250000000
0 0.1063053674 0.9054680259 0.0109375000 0.0166666667
0 0.4351224596 0.5690454124 0.0145833333 0.0185185185
0 0.4507556019 0.5773864690 0.0203125000 0.0333333333
0 0.4752475248 0.3151065802 0.0088541667 0.0148148148
0 0.4434601355 0.4068582020 0.0072916667 0.0157407407
0 0.4538822303 0.4226135310 0.0072916667 0.0185185185
0 0.4689942678 0.4281742354 0.0140625000 0.0185185185
0 0.4893173528 0.4374420760 0.0062500000 0.0148148148
0 0.5117248567 0.4114921223 0.0093750000 0.0148148148
0 0.5320479416 0.3734939759 0.0140625000 0.0231481481
0 0.5362167796 0.4142724745 0.0140625000 0.0314814815
0 0.5898905680 0.4235403151 0.0067708333 0.0138888889
0 0.6107347577 0.4392956441 0.0078125000 0.0166666667
0 0.6201146430 0.4448563485 0.0078125000 0.0175925926
0 0.5758207400 0.4856348471 0.0145833333 0.0351851852
0 0.5961438249 0.5227062095 0.0078125000 0.0166666667
0 0.6050026055 0.5180722892 0.0083333333 0.0212962963
0 0.5971860344 0.5505097312 0.0083333333 0.0120370370
0 0.6112558624 0.5495829472 0.0057291667 0.0138888889
0 0.6242834810 0.5495829472 0.0114583333 0.0203703704
0 0.5539343408 0.5338276182 0.0333333333 0.0518518519
0 0.5028660761 0.5773864690 0.0062500000 0.0129629630
0 0.5471599792 0.6496756256 0.0104166667 0.0222222222
0 0.5716519020 0.6793327155 0.0140625000 0.0231481481
0 0.6013548723 0.7006487488 0.0114583333 0.0175925926
0 0.5549765503 0.5764596849 0.0088541667 0.0185185185
0 0.5122459614 0.7655236330 0.0130208333 0.0240740741
0 0.5716519020 0.7154772938 0.0114583333 0.0166666667
0 0.5612298072 0.7256719184 0.0093750000 0.0138888889
0 0.6195935383 0.7488415199 0.0130208333 0.0333333333
0 0.6373110995 0.7284522706 0.0197916667 0.0296296296
0 0.6576341845 0.6969416126 0.0109375000 0.0194444444
0 0.6899426785 0.6811862836 0.0088541667 0.0157407407
0 0.7050547160 0.6867469880 0.0135416667 0.0203703704
0 0.7311099531 0.6839666358 0.0151041667 0.0305555556
0 0.6524231371 0.4439295644 0.0083333333 0.0185185185
0 0.6591974987 0.4522706209 0.0078125000 0.0185185185
0 0.6727462220 0.4902687674 0.0072916667 0.0185185185
0 0.6696195935 0.5718257646 0.0088541667 0.0148148148
0 0.6868160500 0.5699721965 0.0067708333 0.0148148148
0 0.6883793643 0.5894346617 0.0145833333 0.0212962963
0 0.7415320479 0.5987025023 0.0125000000 0.0240740741
0 0.8676393955 0.5421686747 0.0135416667 0.0185185185
0 0.8540906722 0.5783132530 0.0057291667 0.0092592593
0 0.8561750912 0.6033364226 0.0098958333 0.0259259259
0 0.8509640438 0.6311399444 0.0104166667 0.0111111111
0 0.8092756644 0.5792400371 0.0093750000 0.0296296296
0 0.7571651902 0.4911955514 0.0093750000 0.0212962963
0 0.7655028661 0.4939759036 0.0083333333 0.0166666667
0 0.1662324127 0.2140871177 0.0062500000 0.0157407407
0 0.1881188119 0.2947173309 0.0078125000 0.0203703704
