0 0.1377151800 0.1725768322 0.0234375000 0.0400943396
0 0.1189358372 0.2364066194 0.0312500000 0.0518867925
0 0.1721439750 0.2434988180 0.0281250000 0.0495283019
0 0.2503912363 0.3404255319 0.0250000000 0.0424528302
0 0.3974960876 0.4988179669 0.0562500000 0.0542452830
0 0.4178403756 0.3971631206 0.0328125000 0.0495283019
0 0.3834115806 0.4066193853 0.0312500000 0.0471698113
0 0.0672926448 0.6619385343 0.0250000000 0.0566037736
0 0.1987480438 0.4349881797 0.0312500000 0.0400943396
0 0.4663536776 0.6595744681 0.0296875000 0.0471698113
0 0.4162754304 0.7706855792 0.0265625000 0.0636792453
0 0.2206572770 0.6099290780 0.0218750000 0.0707547170
0 0.2926447574 0.3215130024 0.0375000000 0.0518867925
0 0.3677621283 0.3593380615 0.0218750000 0.0353773585
0 0.1064162754 0.6548463357 0.0171875000 0.0235849057
0 0.1486697966 0.7092198582 0.0156250000 0.0424528302
0 0.0923317684 0.3191489362 0.0234375000 0.0353773585
0 0.1924882629 0.2198581560 0.0265625000 0.0424528302
0 0.5070422535 0.4184397163 0.0359375000 0.0589622642
0 0.4866979656 0.6075650118 0.0359375000 0.0683962264
0 0.4225352113 0.5673758865 0.0281250000 0.0707547170
0 0.4475743349 0.5224586288 0.0203125000 0.0566037736
0 0.4960876369 0.4846335697 0.0281250000 0.0495283019
0 0.4851330203 0.4515366430 0.0187500000 0.0330188679
0 0.3442879499 0.7446808511 0.0265625000 0.0660377358
0 0.3615023474 0.7659574468 0.0234375000 0.0424528302
0 0.4428794992 0.8203309693 0.0281250000 0.0542452830
0 0.5133020344 0.9267139480 0.0265625000 0.0424528302
0 0.5790297340 0.9101654846 0.0312500000 0.0448113208
0 0.6369327074 0.7943262411 0.0328125000 0.0377358491
0 0.6463223787 0.8392434988 0.0218750000 0.0377358491
0 0.7355242567 0.7352245863 0.0234375000 0.0424528302
0 0.7558685446 0.8061465721 0.0234375000 0.0377358491
0 0.1236306729 0.3758865248 0.0187500000 0.0353773585
0 0.1283255086 0.4231678487 0.0203125000 0.0377358491
0 0.0266040689 0.5366430260 0.0265625000 0.0400943396
0 0.7026604069 0.6288416076 0.0390625000 0.0471698113
0 0.8544600939 0.1773049645 0.0218750000 0.0330188679
0 0.8356807512 0.0898345154 0.0296875000 0.0613207547
0 0.8544600939 0.1252955083 0.0203125000 0.0306603774
0 0.8685446009 0.1560283688 0.0265625000 0.0353773585
0 0.8888888889 0.1678486998 0.0156250000 0.0283018868
0 0.8998435055 0.2293144208 0.0156250000 0.0377358491
0 0.2394366197 0.1442080378 0.0156250000 0.0330188679
0 0.3411580595 0.2316784870 0.0437500000 0.0330188679
0 0.2425665102 0.4940898345 0.0171875000 0.0212264151
0 0.2159624413 0.4822695035 0.0171875000 0.0259433962
0 0.1424100156 0.7659574468 0.0140625000 0.0306603774
0 0.1486697966 0.7990543735 0.0140625000 0.0353773585
0 0.1611893584 0.8676122931 0.0171875000 0.0306603774
0 0.2097026604 0.7943262411 0.0187500000 0.0448113208
