0 0.1189358372 0.2387706856 0.0312500000 0.0495283019
0 0.1392801252 0.1725768322 0.0296875000 0.0400943396
0 0.1111111111 0.1654846336 0.0312500000 0.0542452830
0 0.0923317684 0.1938534279 0.0343750000 0.0283018868
0 0.1690140845 0.2458628842 0.0296875000 0.0448113208
0 0.0892018779 0.3262411348 0.0296875000 0.0377358491
0 0.1220657277 0.3806146572 0.0203125000 0.0283018868
0 0.1314553991 0.4302600473 0.0265625000 0.0424528302
0 0.0266040689 0.5460992908 0.0312500000 0.0424528302
0 0.0688575900 0.6690307329 0.0281250000 0.0471698113
0 0.1095461659 0.6595744681 0.0125000000 0.0283018868
0 0.1502347418 0.7115839243 0.0218750000 0.0424528302
0 0.1455399061 0.7706855792 0.0203125000 0.0330188679
0 0.1643192488 0.8723404255 0.0203125000 0.0283018868
0 0.2112676056 0.7966903073 0.0203125000 0.0518867925
0 0.1768388106 0.6406619385 0.0250000000 0.0518867925
0 0.2222222222 0.6122931442 0.0234375000 0.0683962264
0 0.2550860720 0.3427895981 0.0265625000 0.0330188679
0 0.2003129890 0.4397163121 0.0312500000 0.0448113208
0 0.4053208138 0.4988179669 0.0671875000 0.0636792453
0 0.3849765258 0.3947990544 0.0328125000 0.0683962264
0 0.4225352113 0.3947990544 0.0343750000 0.0566037736
0 0.4100156495 0.4326241135 0.0218750000 0.0353773585
0 0.4319248826 0.4373522459 0.0203125000 0.0377358491
0 0.8325508607 0.1087470449 0.0281250000 0.0566037736
0 0.8528951487 0.1465721040 0.0187500000 0.0377358491
0 0.8732394366 0.1773049645 0.0468750000 0.0353773585
0 0.8528951487 0.1962174941 0.0218750000 0.0330188679
0 0.8012519562 0.4515366430 0.0359375000 0.0424528302
0 0.7198748044 0.5579196217 0.0171875000 0.0400943396
0 0.7402190923 0.5886524823 0.0250000000 0.0377358491
0 0.7370892019 0.7352245863 0.0265625000 0.0495283019
0 0.7230046948 0.8628841608 0.0218750000 0.0424528302
0 0.4209702660 0.7706855792 0.0296875000 0.0589622642
0 0.4444444444 0.8179669031 0.0296875000 0.0518867925
0 0.5148669797 0.9267139480 0.0281250000 0.0424528302
0 0.5790297340 0.9054373522 0.0406250000 0.0566037736
0 0.2957746479 0.3262411348 0.0390625000 0.0636792453
0 0.4913928013 0.6028368794 0.0343750000 0.0566037736
0 0.4694835681 0.6572104019 0.0359375000 0.0495283019
0 0.3661971831 0.7659574468 0.0234375000 0.0400943396
0 0.3474178404 0.7470449173 0.0328125000 0.0660377358
0 0.2769953052 0.7257683215 0.0156250000 0.0353773585
0 0.2050078247 0.3333333333 0.0234375000 0.0566037736
0 0.3474178404 0.2387706856 0.0421875000 0.0424528302
0 0.7355242567 0.9078014184 0.0312500000 0.0448113208
0 0.7574334898 0.8085106383 0.0250000000 0.0330188679
0 0.7762128326 0.5721040189 0.0390625000 0.0589622642
