0 0.1126760563 0.1631205674 0.0296875000 0.0589622642
0 0.1377151800 0.1725768322 0.0250000000 0.0471698113
0 0.1205007825 0.2340425532 0.0312500000 0.0495283019
0 0.0923317684 0.3191489362 0.0234375000 0.0353773585
0 0.0672926448 0.6666666667 0.0265625000 0.0589622642
0 0.1079812207 0.6619385343 0.0125000000 0.0259433962
0 0.1439749609 0.7659574468 0.0187500000 0.0353773585
0 0.1611893584 0.8699763593 0.0171875000 0.0330188679
0 0.2097026604 0.7966903073 0.0218750000 0.0518867925
0 0.2206572770 0.6122931442 0.0234375000 0.0778301887
0 0.3427230047 0.7470449173 0.0296875000 0.0589622642
0 0.3599374022 0.7635933806 0.0203125000 0.0424528302
0 0.4178403756 0.7730496454 0.0296875000 0.0518867925
0 0.4444444444 0.8226950355 0.0343750000 0.0566037736
0 0.5758998435 0.9054373522 0.0375000000 0.0566037736
0 0.5148669797 0.9243498818 0.0250000000 0.0448113208
0 0.6369327074 0.7919621749 0.0406250000 0.0424528302
0 0.4068857590 0.4940898345 0.0687500000 0.0636792453
0 0.4882629108 0.6052009456 0.0328125000 0.0636792453
0 0.4647887324 0.6595744681 0.0312500000 0.0471698113
0 0.2535211268 0.3451536643 0.0296875000 0.0471698113
0 0.1987480438 0.4444444444 0.0296875000 0.0424528302
0 0.1298904538 0.4278959811 0.0250000000 0.0400943396
0 0.1236306729 0.3782505910 0.0218750000 0.0283018868
0 0.2942097027 0.3238770686 0.0437500000 0.0542452830
0 0.1486697966 0.7092198582 0.0187500000 0.0495283019
0 0.2456964006 0.4964539007 0.0156250000 0.0330188679
0 0.2065727700 0.3262411348 0.0218750000 0.0566037736
0 0.4256651017 0.5673758865 0.0296875000 0.0683962264
0 0.8325508607 0.0992907801 0.0312500000 0.0566037736
0 0.8528951487 0.1371158392 0.0218750000 0.0306603774
0 0.8716744914 0.1678486998 0.0437500000 0.0330188679
0 0.8513302034 0.1938534279 0.0234375000 0.0400943396
0 0.8982785603 0.2364066194 0.0156250000 0.0306603774
0 0.4225352113 0.3947990544 0.0296875000 0.0495283019
0 0.4100156495 0.4349881797 0.0203125000 0.0400943396
0 0.4287949922 0.4373522459 0.0203125000 0.0400943396
0 0.3849765258 0.3971631206 0.0296875000 0.0495283019
0 0.3395931142 0.2387706856 0.0359375000 0.0330188679
0 0.1721439750 0.2458628842 0.0281250000 0.0471698113
0 0.1940532081 0.2269503546 0.0296875000 0.0330188679
0 0.1752738654 0.6406619385 0.0203125000 0.0566037736
0 0.8012519562 0.4444444444 0.0328125000 0.0353773585
0 0.7918622848 0.4822695035 0.0328125000 0.0306603774
0 0.8012519562 0.5177304965 0.0234375000 0.0353773585
0 0.7793427230 0.5673758865 0.0546875000 0.0471698113
0 0.7198748044 0.5555555556 0.0156250000 0.0306603774
0 0.7386541471 0.5862884161 0.0265625000 0.0330188679
0 0.7370892019 0.7352245863 0.0250000000 0.0471698113
0 0.7683881064 0.7777777778 0.0390625000 0.0424528302
0 0.7558685446 0.8061465721 0.0296875000 0.0306603774
0 0.5931142410 0.8486997636 0.0218750000 0.0353773585
0 0.6103286385 0.8557919622 0.0156250000 0.0424528302
0 0.6447574335 0.8439716312 0.0250000000 0.0377358491
0 0.2754303599 0.7304964539 0.0156250000 0.0377358491
0 0.0266040689 0.5413711584 0.0281250000 0.0471698113
0 0.3849765258 0.4373522459 0.0281250000 0.0400943396
0 0.7355242567 0.9101654846 0.0187500000 0.0283018868
0 0.3364632238 0.8439716312 0.0156250000 0.0259433962
0 0.1517996870 0.8037825059 0.0187500000 0.0424528302
