0 0.0485133020 0.2316784870 0.0328125000 0.0448113208
0 0.1205007825 0.2411347518 0.0328125000 0.0448113208
0 0.1737089202 0.2482269504 0.0218750000 0.0424528302
0 0.1956181534 0.2222222222 0.0218750000 0.0377358491
0 0.2488262911 0.3451536643 0.0203125000 0.0424528302
0 0.2190923318 0.6146572104 0.0203125000 0.0613207547
0 0.1095461659 0.6572104019 0.0156250000 0.0259433962
0 0.0672926448 0.6619385343 0.0171875000 0.0400943396
0 0.1502347418 0.8557919622 0.0140625000 0.0235849057
0 0.1627543036 0.8699763593 0.0187500000 0.0283018868
0 0.2097026604 0.7919621749 0.0187500000 0.0448113208
0 0.1439749609 0.7635933806 0.0187500000 0.0306603774
0 0.1502347418 0.8037825059 0.0171875000 0.0377358491
0 0.3489827856 0.4231678487 0.0203125000 0.0377358491
0 0.3630672926 0.3546099291 0.0203125000 0.0353773585
0 0.3458528951 0.3262411348 0.0156250000 0.0259433962
0 0.3865414710 0.4113475177 0.0265625000 0.0471698113
0 0.3959311424 0.5106382979 0.0484375000 0.0377358491
0 0.4272300469 0.3617021277 0.0171875000 0.0542452830
0 0.4241001565 0.4042553191 0.0234375000 0.0353773585
0 0.4882629108 0.4704491726 0.0203125000 0.0235849057
0 0.5007824726 0.5011820331 0.0250000000 0.0330188679
0 0.5054773083 0.4255319149 0.0187500000 0.0330188679
0 0.4835680751 0.2860520095 0.0234375000 0.0353773585
0 0.4647887324 0.3144208038 0.0265625000 0.0306603774
0 0.5211267606 0.3333333333 0.0234375000 0.0400943396
0 0.5446009390 0.2316784870 0.0296875000 0.0400943396
0 0.5133020344 0.2860520095 0.0187500000 0.0471698113
0 0.4647887324 0.6690307329 0.0265625000 0.0353773585
0 0.4162754304 0.7825059102 0.0203125000 0.0471698113
0 0.3286384977 0.6855791962 0.0203125000 0.0283018868
0 0.3411580595 0.7541371158 0.0250000000 0.0448113208
0 0.3583724570 0.7706855792 0.0140625000 0.0353773585
0 0.7261345853 0.3853427896 0.0156250000 0.0306603774
0 0.6979655712 0.4728132388 0.0171875000 0.0542452830
0 0.4241001565 0.5744680851 0.0250000000 0.0566037736
