0 0.0485133020 0.2245862884 0.0343750000 0.0542452830
0 0.1205007825 0.2364066194 0.0328125000 0.0424528302
0 0.1721439750 0.2411347518 0.0281250000 0.0448113208
0 0.1924882629 0.2198581560 0.0250000000 0.0424528302
0 0.1142410016 0.1654846336 0.0281250000 0.0471698113
0 0.1377151800 0.1749408983 0.0234375000 0.0424528302
0 0.0985915493 0.1914893617 0.0265625000 0.0259433962
0 0.2503912363 0.3404255319 0.0234375000 0.0424528302
0 0.2816901408 0.3262411348 0.0265625000 0.0424528302
0 0.2957746479 0.3096926714 0.0265625000 0.0400943396
0 0.3286384977 0.2222222222 0.0296875000 0.0283018868
0 0.2003129890 0.4349881797 0.0281250000 0.0377358491
0 0.2222222222 0.6099290780 0.0187500000 0.0636792453
0 0.0672926448 0.6595744681 0.0250000000 0.0471698113
0 0.1095461659 0.6548463357 0.0171875000 0.0283018868
0 0.2081377152 0.7919621749 0.0203125000 0.0518867925
0 0.1439749609 0.7635933806 0.0187500000 0.0306603774
0 0.1502347418 0.8037825059 0.0187500000 0.0353773585
0 0.1611893584 0.8676122931 0.0187500000 0.0283018868
0 0.3302034429 0.6808510638 0.0187500000 0.0283018868
0 0.3427230047 0.7470449173 0.0296875000 0.0660377358
0 0.3615023474 0.7683215130 0.0171875000 0.0424528302
0 0.4178403756 0.7754137116 0.0250000000 0.0566037736
0 0.2832550861 0.4184397163 0.0156250000 0.0448113208
0 0.3505477308 0.4208037825 0.0187500000 0.0400943396
0 0.3677621283 0.3593380615 0.0187500000 0.0424528302
0 0.3896713615 0.4089834515 0.0296875000 0.0589622642
0 0.4272300469 0.3569739953 0.0203125000 0.0589622642
0 0.4241001565 0.4018912530 0.0265625000 0.0495283019
0 0.4021909233 0.5059101655 0.0593750000 0.0542452830
0 0.4241001565 0.5721040189 0.0296875000 0.0754716981
0 0.3990610329 0.6004728132 0.0203125000 0.0400943396
0 0.4522691706 0.5248226950 0.0171875000 0.0542452830
0 0.5007824726 0.4917257683 0.0281250000 0.0518867925
0 0.4882629108 0.6122931442 0.0328125000 0.0495283019
0 0.4679186228 0.6619385343 0.0281250000 0.0330188679
0 0.5790297340 0.9101654846 0.0343750000 0.0448113208
0 0.5133020344 0.9243498818 0.0203125000 0.0306603774
0 0.4428794992 0.8250591017 0.0312500000 0.0542452830
0 0.5117370892 0.4278959811 0.0312500000 0.0613207547
0 0.6369327074 0.7966903073 0.0328125000 0.0400943396
0 0.6651017214 0.8037825059 0.0203125000 0.0306603774
0 0.6463223787 0.8416075650 0.0218750000 0.0471698113
0 0.7323943662 0.3829787234 0.0218750000 0.0330188679
0 0.8075117371 0.4373522459 0.0234375000 0.0330188679
0 0.8560250391 0.1725768322 0.0203125000 0.0448113208
0 0.8372456964 0.0851063830 0.0265625000 0.0566037736
0 0.8560250391 0.1276595745 0.0218750000 0.0400943396
0 0.5133020344 0.2695035461 0.0218750000 0.0495283019
0 0.5336463224 0.4751773050 0.0296875000 0.0542452830
0 0.7355242567 0.7375886525 0.0203125000 0.0353773585
0 0.0938967136 0.3191489362 0.0203125000 0.0353773585
0 0.1236306729 0.3758865248 0.0156250000 0.0259433962
0 0.1314553991 0.4231678487 0.0187500000 0.0259433962
