0 0.7380125087 0.5310472660 0.0437500000 0.0694444444
0 0.7727588603 0.4847080630 0.0250000000 0.0500000000
0 0.8763029882 0.4439295644 0.0236111111 0.0361111111
0 0.9207783183 0.5866543095 0.0229166667 0.0314814815
0 0.9881862404 0.5959221501 0.0166666667 0.0287037037
0 0.9770674079 0.6858202039 0.0236111111 0.0462962963
0 0.8297428770 0.7451343837 0.0215277778 0.0444444444
0 0.8040305768 0.6987951807 0.0194444444 0.0305555556
0 0.7651146630 0.6765523633 0.0229166667 0.0250000000
0 0.5962473940 0.5773864690 0.0500000000 0.0509259259
0 0.5288394719 0.6237256719 0.0277777778 0.0342592593
0 0.5350938151 0.6589434662 0.0444444444 0.0370370370
0 0.5496872828 0.7590361446 0.0194444444 0.0305555556
0 0.4517025712 0.5662650602 0.0291666667 0.0388888889
0 0.3467685893 0.5718257646 0.0381944444 0.0490740741
0 0.2355802641 0.4856348471 0.0319444444 0.0481481481
0 0.2696316887 0.4365152919 0.0187500000 0.0361111111
0 0.3446838082 0.2863762743 0.0194444444 0.0342592593
0 0.4280750521 0.2817423540 0.0243055556 0.0388888889
0 0.5649756776 0.2455977757 0.0263888889 0.0333333333
0 0.5816539263 0.2724745134 0.0354166667 0.0750000000
0 0.4899235580 0.1631139944 0.0270833333 0.0398148148
0 0.4565670605 0.1853568119 0.0250000000 0.0324074074
0 0.4134815844 0.0815569972 0.0291666667 0.0388888889
0 0.3870743572 0.0379981464 0.0354166667 0.0509259259
0 0.4239054899 0.0213160334 0.0354166667 0.0388888889
0 0.2418346074 0.0759962929 0.0340277778 0.0398148148
0 0.2675469076 0.0648748842 0.0333333333 0.0490740741
0 0.2967338429 0.1983317887 0.0319444444 0.0685185185
0 0.3578874218 0.2075996293 0.0229166667 0.0333333333
0 0.1931897151 0.2845227062 0.0298611111 0.0388888889
0 0.1327310632 0.2882298424 0.0354166667 0.0481481481
0 0.1070187630 0.2001853568 0.0333333333 0.0527777778
0 0.0486448923 0.1927710843 0.0361111111 0.0574074074
0 0.0493398193 0.1010194625 0.0409722222 0.0500000000
0 0.0305767894 0.3781278962 0.0284722222 0.0333333333
0 0.0667129951 0.4874884152 0.0319444444 0.0416666667
0 0.0694927033 0.5245597776 0.0319444444 0.0342592593
0 0.1264767199 0.5125115848 0.0305555556 0.0500000000
0 0.1341209173 0.4782205746 0.0229166667 0.0314814815
0 0.1264767199 0.7618164968 0.0388888889 0.0416666667
0 0.0521195274 0.6784059314 0.0312500000 0.0453703704
0 0.0361362057 0.7692307692 0.0263888889 0.0398148148
0 0.3974982627 0.7618164968 0.0194444444 0.0305555556
0 0.4197359277 0.7636700649 0.0187500000 0.0277777778
0 0.6831132731 0.7636700649 0.0187500000 0.0342592593
0 0.7157748436 0.4096385542 0.0236111111 0.0287037037
0 0.7109103544 0.3697868397 0.0215277778 0.0305555556
0 0.4169562196 0.4643188137 0.0173611111 0.0314814815
0 0.1549687283 0.6033364226 0.0152777778 0.0250000000
0 0.0236275191 0.5356811863 0.0312500000 0.0453703704
0 0.2911744267 0.3762743281 0.0194444444 0.0296296296
0 0.4009728978 0.2678405931 0.0131944444 0.0296296296
0 0.1542738013 0.0324374421 0.0180555556 0.0407407407
0 0.1792911744 0.0435588508 0.0395833333 0.0583333333
0 0.3537178596 0.0936051900 0.0250000000 0.0416666667
