0 0.0535093815 0.0991658943 0.0368055556 0.0546296296
0 0.0500347464 0.1881371640 0.0333333333 0.0546296296
0 0.1077136901 0.1964782206 0.0270833333 0.0509259259
0 0.1292564281 0.2873030584 0.0298611111 0.0462962963
0 0.1911049340 0.2789620019 0.0256944444 0.0351851852
0 0.2960389159 0.1964782206 0.0222222222 0.0620370370
0 0.2460041696 0.0750695088 0.0236111111 0.0314814815
0 0.2710215427 0.0639481001 0.0208333333 0.0527777778
0 0.3926337735 0.0407784986 0.0250000000 0.0407407407
0 0.4148714385 0.0732159407 0.0250000000 0.0222222222
0 0.4551772064 0.1844300278 0.0187500000 0.0259259259
0 0.5837387074 0.2678405931 0.0291666667 0.0712962963
0 0.5642807505 0.2418906395 0.0194444444 0.0351851852
0 0.7150799166 0.4105653383 0.0208333333 0.0277777778
0 0.7109103544 0.3707136237 0.0180555556 0.0305555556
0 0.7359277276 0.5291936979 0.0395833333 0.0592592593
0 0.7678943711 0.4810009268 0.0243055556 0.0398148148
0 0.9881862404 0.5940685820 0.0180555556 0.0296296296
0 0.5948575400 0.5755329008 0.0444444444 0.0444444444
0 0.5288394719 0.6209453197 0.0229166667 0.0287037037
0 0.5288394719 0.6561631140 0.0388888889 0.0342592593
0 0.4503127172 0.5644114921 0.0270833333 0.0388888889
0 0.3460736623 0.5727525487 0.0354166667 0.0444444444
0 0.3113273106 0.5764596849 0.0263888889 0.0462962963
0 0.3349548297 0.5403151066 0.0215277778 0.0259259259
0 0.2362751911 0.4800741427 0.0340277778 0.0472222222
0 0.1271716470 0.5097312326 0.0298611111 0.0472222222
0 0.1285615010 0.4763670065 0.0229166667 0.0333333333
0 0.0694927033 0.4995366080 0.0298611111 0.0694444444
0 0.1271716470 0.7544022243 0.0333333333 0.0296296296
0 0.0361362057 0.7683039852 0.0229166667 0.0342592593
0 0.0326615705 0.3781278962 0.0215277778 0.0361111111
0 0.3481584434 0.2863762743 0.0201388889 0.0287037037
0 0.3592772759 0.2066728452 0.0208333333 0.0314814815
0 0.4183460737 0.4633920297 0.0173611111 0.0259259259
0 0.3043780403 0.0936051900 0.0173611111 0.0250000000
0 0.3530229326 0.0954587581 0.0291666667 0.0333333333
0 0.4899235580 0.1594068582 0.0201388889 0.0379629630
0 0.8269631689 0.7442075996 0.0222222222 0.0379629630
0 0.8033356498 0.6978683967 0.0180555556 0.0277777778
0 0.7644197359 0.6756255792 0.0180555556 0.0277777778
0 0.4211257818 0.7627432808 0.0180555556 0.0259259259
