0 0.0569840167 0.0982391103 0.0361111111 0.0462962963
0 0.0145934677 0.2242817424 0.0256944444 0.0453703704
0 0.1313412092 0.2882298424 0.0256944444 0.0379629630
0 0.1938846421 0.2789620019 0.0229166667 0.0351851852
0 0.0333564976 0.3790546803 0.0250000000 0.0370370370
0 0.0660180681 0.4837812790 0.0250000000 0.0324074074
0 0.1264767199 0.5023169601 0.0229166667 0.0305555556
0 0.2376650452 0.4800741427 0.0277777778 0.0416666667
0 0.2995135511 0.1964782206 0.0256944444 0.0601851852
0 0.4885337040 0.1612604263 0.0173611111 0.0333333333
0 0.5781792912 0.2780352178 0.0236111111 0.0453703704
0 0.7324530924 0.5310472660 0.0361111111 0.0444444444
0 0.5955524670 0.5810936052 0.0243055556 0.0370370370
0 0.5246699097 0.6227988879 0.0243055556 0.0305555556
0 0.4496177901 0.5653382762 0.0208333333 0.0305555556
0 0.4162612926 0.4652455978 0.0180555556 0.0287037037
0 0.3002084781 0.4226135310 0.0250000000 0.0296296296
0 0.3419041001 0.5681186284 0.0201388889 0.0314814815
0 0.3092425295 0.5736793327 0.0194444444 0.0314814815
0 0.1250868659 0.7506950880 0.0243055556 0.0250000000
0 0.7088255733 0.4151992586 0.0173611111 0.0342592593
0 0.7623349548 0.6756255792 0.0166666667 0.0231481481
0 0.9854065323 0.5968489342 0.0152777778 0.0296296296
0 0.0583738707 0.1909175162 0.0270833333 0.0546296296
0 0.3571924948 0.2113067655 0.0201388889 0.0268518519
0 0.4148714385 0.0722891566 0.0166666667 0.0259259259
