0 0.5747046560 0.2780352178 0.0465277778 0.0990740741
0 0.7373175817 0.5356811863 0.0506944444 0.0657407407
0 0.7685892981 0.4837812790 0.0270833333 0.0453703704
0 0.8769979152 0.4457831325 0.0291666667 0.0379629630
0 0.5955524670 0.5792400371 0.0534722222 0.0481481481
0 0.5288394719 0.6255792400 0.0284722222 0.0305555556
0 0.5350938151 0.6617238184 0.0444444444 0.0435185185
0 0.5503822099 0.7618164968 0.0243055556 0.0305555556
0 0.5267546908 0.7488415199 0.0201388889 0.0250000000
0 0.8297428770 0.7460611677 0.0243055556 0.0481481481
0 0.8575399583 0.7256719184 0.0319444444 0.0388888889
0 0.8033356498 0.7015755329 0.0173611111 0.0259259259
0 0.8797776233 0.8211306766 0.0159722222 0.0333333333
0 0.7644197359 0.6793327155 0.0222222222 0.0333333333
0 0.7324530924 0.6487488415 0.0236111111 0.0296296296
0 0.6831132731 0.7645968489 0.0270833333 0.0324074074
0 0.8026407227 0.5199258573 0.0277777778 0.0333333333
0 0.8346073662 0.5579240037 0.0152777778 0.0453703704
0 0.9173036831 0.5838739574 0.0270833333 0.0361111111
0 0.9895760945 0.5949953661 0.0152777778 0.0259259259
0 0.7171646977 0.4133456905 0.0215277778 0.0351851852
0 0.7116052814 0.3734939759 0.0229166667 0.0351851852
0 0.4530924253 0.5681186284 0.0277777778 0.0462962963
0 0.3474635163 0.5764596849 0.0479166667 0.0472222222
0 0.3342599027 0.5393883225 0.0215277778 0.0287037037
0 0.3099374566 0.5829471733 0.0326388889 0.0453703704
0 0.4232105629 0.7664504171 0.0256944444 0.0296296296
0 0.3974982627 0.7645968489 0.0194444444 0.0314814815
0 0.2932592078 0.7201112141 0.0215277778 0.0333333333
0 0.2751911049 0.7497683040 0.0215277778 0.0287037037
0 0.1250868659 0.7590361446 0.0458333333 0.0444444444
0 0.0507296734 0.6802594995 0.0354166667 0.0518518519
0 0.0382209868 0.7710843373 0.0305555556 0.0453703704
0 0.0229325921 0.5384615385 0.0291666667 0.0546296296
0 0.0667129951 0.4902687674 0.0319444444 0.0388888889
0 0.0687977762 0.5254865616 0.0326388889 0.0444444444
0 0.1313412092 0.4800741427 0.0256944444 0.0351851852
0 0.1264767199 0.5134383689 0.0312500000 0.0481481481
0 0.2362751911 0.4856348471 0.0375000000 0.0527777778
0 0.2911744267 0.3827618165 0.0194444444 0.0388888889
0 0.2814454482 0.3484708063 0.0166666667 0.0250000000
0 0.1924947880 0.2854494903 0.0277777778 0.0416666667
0 0.1313412092 0.2928637627 0.0298611111 0.0444444444
0 0.1070187630 0.2020389249 0.0333333333 0.0555555556
0 0.0486448923 0.1927710843 0.0395833333 0.0518518519
0 0.0514246004 0.1019462465 0.0375000000 0.0481481481
0 0.2960389159 0.2020389249 0.0298611111 0.0611111111
0 0.3432939541 0.2863762743 0.0215277778 0.0370370370
0 0.3585823489 0.2103799815 0.0229166667 0.0407407407
0 0.4294649062 0.2845227062 0.0222222222 0.0407407407
0 0.4878387769 0.1603336423 0.0319444444 0.0425925926
0 0.5163307853 0.1955514365 0.0236111111 0.0296296296
0 0.4572619875 0.1862835959 0.0236111111 0.0277777778
0 0.4134815844 0.0815569972 0.0291666667 0.0490740741
0 0.3870743572 0.0379981464 0.0444444444 0.0500000000
0 0.3585823489 0.0834105653 0.0430555556 0.0518518519
0 0.2682418346 0.0648748842 0.0263888889 0.0490740741
0 0.2439193885 0.0741427247 0.0340277778 0.0305555556
0 0.4169562196 0.4680259500 0.0208333333 0.0333333333
0 0.0319666435 0.3799814643 0.0270833333 0.0379629630
0 0.2710215427 0.4374420760 0.0208333333 0.0333333333
0 0.1528839472 0.6005560704 0.0229166667 0.0268518519
