0 0.2960389159 0.1992585728 0.0222222222 0.0712962963
0 0.3564975678 0.2085264133 0.0222222222 0.0305555556
0 0.3446838082 0.2845227062 0.0215277778 0.0333333333
0 0.1077136901 0.1992585728 0.0277777778 0.0555555556
0 0.0500347464 0.1909175162 0.0354166667 0.0675925926
0 0.0528144545 0.1000926784 0.0402777778 0.0537037037
0 0.1313412092 0.2873030584 0.0298611111 0.0462962963
0 0.1917998610 0.2798887859 0.0270833333 0.0379629630
0 0.0319666435 0.3790546803 0.0270833333 0.0416666667
0 0.0653231411 0.4865616311 0.0298611111 0.0342592593
0 0.0681028492 0.5189990732 0.0256944444 0.0342592593
0 0.1313412092 0.4772937905 0.0250000000 0.0361111111
0 0.1257817929 0.5097312326 0.0291666667 0.0416666667
0 0.2362751911 0.4828544949 0.0326388889 0.0462962963
0 0.3349548297 0.5356811863 0.0215277778 0.0287037037
0 0.3488533704 0.5690454124 0.0368055556 0.0398148148
0 0.1271716470 0.7571825765 0.0340277778 0.0314814815
0 0.0507296734 0.6765523633 0.0270833333 0.0333333333
0 0.0354412787 0.7673772011 0.0270833333 0.0379629630
0 0.4510076442 0.5653382762 0.0270833333 0.0462962963
0 0.5288394719 0.6237256719 0.0194444444 0.0379629630
0 0.5955524670 0.5783132530 0.0500000000 0.0500000000
0 0.7380125087 0.5329008341 0.0437500000 0.0555555556
0 0.6831132731 0.7636700649 0.0194444444 0.0231481481
0 0.7644197359 0.6774791474 0.0173611111 0.0314814815
0 0.8026407227 0.7006487488 0.0152777778 0.0287037037
0 0.8276580959 0.7479147359 0.0256944444 0.0361111111
0 0.9214732453 0.5857275255 0.0180555556 0.0277777778
0 0.9881862404 0.5949953661 0.0208333333 0.0324074074
0 0.7692842252 0.4819277108 0.0229166667 0.0388888889
0 0.8346073662 0.5486561631 0.0201388889 0.0305555556
0 0.7171646977 0.4096385542 0.0250000000 0.0314814815
0 0.7109103544 0.3716404078 0.0256944444 0.0324074074
0 0.5830437804 0.2724745134 0.0340277778 0.0750000000
0 0.5628908965 0.2437442076 0.0291666667 0.0305555556
0 0.4920083391 0.1612604263 0.0194444444 0.0342592593
0 0.4767199444 0.1501390176 0.0208333333 0.0296296296
0 0.4544822794 0.1872103800 0.0208333333 0.0314814815
0 0.4127866574 0.0815569972 0.0284722222 0.0500000000
0 0.3905489924 0.0389249305 0.0333333333 0.0490740741
0 0.4232105629 0.0213160334 0.0298611111 0.0398148148
0 0.2446143155 0.0759962929 0.0305555556 0.0398148148
0 0.2724113968 0.0620945320 0.0229166667 0.0435185185
0 0.0229325921 0.5356811863 0.0333333333 0.0453703704
0 0.3113273106 0.5801668211 0.0277777778 0.0453703704
0 0.4162612926 0.4633920297 0.0180555556 0.0268518519
0 0.4301598332 0.2798887859 0.0229166667 0.0314814815
0 0.3002084781 0.4253938832 0.0222222222 0.0259259259
0 0.2904794997 0.3781278962 0.0187500000 0.0333333333
0 0.4211257818 0.7645968489 0.0250000000 0.0314814815
0 0.3968033356 0.7590361446 0.0180555556 0.0268518519
0 0.5295343989 0.6580166821 0.0381944444 0.0314814815
0 0.5489923558 0.7590361446 0.0250000000 0.0268518519
0 0.1834607366 0.0426320667 0.0395833333 0.0666666667
0 0.3022932592 0.0963855422 0.0208333333 0.0259259259
