0 0.0938967136 0.0496453901 0.0578125000 0.0495283019
0 0.1815336463 0.0992907801 0.0265625000 0.0660377358
0 0.1377151800 0.1560283688 0.0375000000 0.0495283019
0 0.1330203443 0.2009456265 0.0437500000 0.0471698113
0 0.2222222222 0.1985815603 0.0484375000 0.0683962264
0 0.2785602504 0.1513002364 0.0421875000 0.0471698113
0 0.0704225352 0.1725768322 0.0250000000 0.0377358491
0 0.0438184664 0.2104018913 0.0421875000 0.0518867925
0 0.1032863850 0.2458628842 0.0375000000 0.0448113208
0 0.0938967136 0.3026004728 0.0281250000 0.0424528302
0 0.1533646322 0.2860520095 0.0359375000 0.0471698113
0 0.1971830986 0.2765957447 0.0390625000 0.0377358491
0 0.2378716745 0.2884160757 0.0375000000 0.0495283019
0 0.0641627543 0.4302600473 0.0437500000 0.0660377358
0 0.1205007825 0.4468085106 0.0562500000 0.0707547170
0 0.1611893584 0.4042553191 0.0562500000 0.0731132075
0 0.2143974961 0.4089834515 0.0390625000 0.0542452830
0 0.2472613459 0.8416075650 0.0531250000 0.1250000000
0 0.7104851330 0.5839243499 0.0328125000 0.0636792453
0 0.7402190923 0.5791962175 0.0250000000 0.0518867925
0 0.7449139280 0.6359338061 0.0375000000 0.0731132075
0 0.7636932707 0.6855791962 0.0281250000 0.0400943396
0 0.7511737089 0.7186761229 0.0421875000 0.0471698113
0 0.7871674491 0.8250591017 0.0343750000 0.0919811321
0 0.7762128326 0.8912529551 0.0328125000 0.0424528302
0 0.8278560250 0.7210401891 0.0562500000 0.0589622642
0 0.8466353678 0.8037825059 0.0234375000 0.0542452830
0 0.8059467919 0.6406619385 0.0406250000 0.0683962264
0 0.9076682316 0.7825059102 0.0468750000 0.1084905660
0 0.9092331768 0.6477541371 0.0390625000 0.0966981132
0 0.8794992175 0.5815602837 0.0421875000 0.0919811321
0 0.9061032864 0.4988179669 0.0343750000 0.0707547170
0 0.8560250391 0.4940898345 0.0515625000 0.0636792453
0 0.8294209703 0.4018912530 0.0375000000 0.0660377358
0 0.8638497653 0.3427895981 0.0375000000 0.0778301887
0 0.8450704225 0.2576832151 0.0421875000 0.0660377358
0 0.7715179969 0.1678486998 0.0421875000 0.1132075472
0 0.7323943662 0.1749408983 0.0375000000 0.0636792453
0 0.7934272300 0.0330969267 0.0343750000 0.0589622642
