0 0.0923317684 0.0591016548 0.0531250000 0.0471698113
0 0.1784037559 0.1063829787 0.0250000000 0.0589622642
0 0.1330203443 0.1702127660 0.0328125000 0.0495283019
0 0.1298904538 0.2104018913 0.0343750000 0.0400943396
0 0.2143974961 0.2056737589 0.0390625000 0.0707547170
0 0.0641627543 0.1820330969 0.0234375000 0.0353773585
0 0.0375586854 0.2222222222 0.0359375000 0.0495283019
0 0.1048513302 0.2600472813 0.0203125000 0.0424528302
0 0.0923317684 0.3120567376 0.0312500000 0.0353773585
0 0.1533646322 0.2978723404 0.0234375000 0.0448113208
0 0.1940532081 0.2860520095 0.0343750000 0.0306603774
0 0.2331768388 0.3002364066 0.0312500000 0.0424528302
0 0.2441314554 0.4018912530 0.0343750000 0.0518867925
0 0.2050078247 0.4066193853 0.0296875000 0.0542452830
0 0.1580594679 0.4137115839 0.0437500000 0.0589622642
0 0.1205007825 0.4609929078 0.0593750000 0.0707547170
0 0.0563380282 0.4349881797 0.0421875000 0.0589622642
0 0.2363067293 0.8297872340 0.0578125000 0.1179245283
0 0.4694835681 0.5059101655 0.0500000000 0.0636792453
0 0.4882629108 0.6028368794 0.0484375000 0.0707547170
0 0.5399061033 0.4799054374 0.0343750000 0.0683962264
0 0.6009389671 0.2529550827 0.0265625000 0.0518867925
0 0.6322378717 0.3002364066 0.0390625000 0.0589622642
0 0.6604068858 0.2364066194 0.0343750000 0.0589622642
0 0.6666666667 0.4255319149 0.0406250000 0.0636792453
0 0.7010954617 0.4160756501 0.0453125000 0.0707547170
0 0.7010954617 0.4846335697 0.0484375000 0.0495283019
0 0.7073552426 0.5910165485 0.0359375000 0.0471698113
0 0.7370892019 0.5886524823 0.0328125000 0.0424528302
0 0.7417840376 0.6453900709 0.0328125000 0.0589622642
0 0.7668231612 0.5981087470 0.0265625000 0.0495283019
0 0.8075117371 0.6430260047 0.0359375000 0.0660377358
0 0.8278560250 0.7281323877 0.0562500000 0.0660377358
0 0.7840375587 0.8416075650 0.0359375000 0.0872641509
0 0.8497652582 0.8179669031 0.0296875000 0.0424528302
0 0.8560250391 0.4988179669 0.0515625000 0.0636792453
0 0.9092331768 0.5059101655 0.0328125000 0.0683962264
0 0.8857589984 0.5839243499 0.0375000000 0.0990566038
0 0.9154929577 0.6501182033 0.0343750000 0.0919811321
0 0.8701095462 0.3427895981 0.0328125000 0.0613207547
0 0.7370892019 0.1820330969 0.0328125000 0.0683962264
0 0.7793427230 0.1843971631 0.0437500000 0.1179245283
0 0.8482003130 0.2529550827 0.0390625000 0.0731132075
0 0.8294209703 0.4042553191 0.0359375000 0.0589622642
0 0.7183098592 0.3073286052 0.0359375000 0.0778301887
0 0.7323943662 0.3593380615 0.0406250000 0.0471698113
0 0.7589984351 0.4184397163 0.0390625000 0.0542452830
0 0.7683881064 0.5011820331 0.0359375000 0.0660377358
0 0.7902973396 0.5413711584 0.0328125000 0.0518867925
0 0.7574334898 0.6997635934 0.0265625000 0.0400943396
0 0.7496087637 0.7304964539 0.0328125000 0.0518867925
0 0.7762128326 0.7541371158 0.0234375000 0.0353773585
0 0.8841940532 0.4160756501 0.0343750000 0.0495283019
0 0.7856025039 0.2695035461 0.0296875000 0.0660377358
0 0.8137715180 0.2529550827 0.0218750000 0.0448113208
0 0.8137715180 0.3096926714 0.0250000000 0.0518867925
0 0.7934272300 0.0425531915 0.0343750000 0.0566037736
0 0.9107981221 0.0874704492 0.0328125000 0.0683962264
0 0.8497652582 0.1016548463 0.0312500000 0.0542452830
0 0.8794992175 0.1323877069 0.0218750000 0.0589622642
0 0.6619718310 0.6997635934 0.0500000000 0.0849056604
0 0.6760563380 0.7872340426 0.0218750000 0.0495283019
0 0.5117370892 0.7186761229 0.0578125000 0.0872641509
0 0.2989045383 0.6193853428 0.0234375000 0.0495283019
0 0.3161189358 0.6643026005 0.0218750000 0.0400943396
0 0.2582159624 0.5626477541 0.0312500000 0.0636792453
0 0.2754303599 0.1631205674 0.0359375000 0.0448113208
0 0.6165884194 0.4089834515 0.0281250000 0.0660377358
0 0.6228482003 0.5011820331 0.0515625000 0.1297169811
0 0.6025039124 0.5886524823 0.0328125000 0.0566037736
0 0.6416275430 0.6288416076 0.0484375000 0.0495283019
0 0.5273865415 0.3404255319 0.0218750000 0.0707547170
