0 0.0892018779 0.0543735225 0.0656250000 0.0542452830
0 0.1799687011 0.1016548463 0.0265625000 0.0636792453
0 0.0688575900 0.1773049645 0.0312500000 0.0448113208
0 0.0391236307 0.2198581560 0.0468750000 0.0518867925
0 0.1361502347 0.1654846336 0.0296875000 0.0518867925
0 0.2190923318 0.2080378251 0.0421875000 0.0778301887
0 0.1032863850 0.2553191489 0.0359375000 0.0471698113
0 0.0923317684 0.3096926714 0.0281250000 0.0353773585
0 0.1580594679 0.2955082742 0.0281250000 0.0495283019
0 0.1971830986 0.2836879433 0.0375000000 0.0448113208
0 0.2347417840 0.2978723404 0.0328125000 0.0424528302
0 0.0625978091 0.4349881797 0.0375000000 0.0660377358
0 0.1205007825 0.4562647754 0.0593750000 0.0778301887
0 0.1580594679 0.4113475177 0.0453125000 0.0636792453
0 0.2112676056 0.4137115839 0.0343750000 0.0542452830
0 0.2425665102 0.8439716312 0.0500000000 0.1226415094
0 0.4866979656 0.6075650118 0.0468750000 0.0801886792
0 0.5086071987 0.7186761229 0.0546875000 0.0943396226
0 0.5367762128 0.4751773050 0.0343750000 0.0683962264
0 0.5743348983 0.4680851064 0.0328125000 0.0731132075
0 0.6197183099 0.5035460993 0.0453125000 0.1250000000
0 0.5962441315 0.5815602837 0.0312500000 0.0542452830
0 0.6353677621 0.6335697400 0.0437500000 0.0542452830
0 0.6619718310 0.6973995272 0.0453125000 0.0919811321
0 0.7104851330 0.5886524823 0.0312500000 0.0636792453
0 0.7370892019 0.5815602837 0.0312500000 0.0495283019
0 0.7417840376 0.6430260047 0.0312500000 0.0660377358
0 0.7496087637 0.7304964539 0.0375000000 0.0566037736
0 0.7543035994 0.6950354610 0.0250000000 0.0424528302
0 0.7871674491 0.8368794326 0.0390625000 0.0966981132
0 0.8247261346 0.7234042553 0.0609375000 0.0683962264
0 0.8482003130 0.8085106383 0.0281250000 0.0448113208
0 0.9107981221 0.6430260047 0.0421875000 0.1061320755
0 0.8794992175 0.5791962175 0.0468750000 0.0943396226
0 0.9061032864 0.4964539007 0.0359375000 0.0754716981
0 0.8575899844 0.4940898345 0.0546875000 0.0636792453
0 0.8262910798 0.3971631206 0.0328125000 0.0660377358
0 0.8873239437 0.4113475177 0.0250000000 0.0448113208
0 0.8701095462 0.3404255319 0.0343750000 0.0683962264
0 0.8497652582 0.2529550827 0.0437500000 0.0754716981
0 0.7355242567 0.1796690307 0.0359375000 0.0660377358
0 0.7777777778 0.1702127660 0.0406250000 0.1250000000
0 0.8153364632 0.3073286052 0.0281250000 0.0542452830
0 0.7949921753 0.0378250591 0.0312500000 0.0518867925
0 0.8482003130 0.0992907801 0.0375000000 0.0683962264
0 0.9139280125 0.0756501182 0.0328125000 0.0448113208
0 0.6604068858 0.2364066194 0.0390625000 0.0566037736
0 0.6009389671 0.2505910165 0.0375000000 0.0471698113
0 0.6353677621 0.3002364066 0.0515625000 0.0613207547
0 0.6870109546 0.4184397163 0.0781250000 0.0778301887
0 0.7605633803 0.4160756501 0.0328125000 0.0660377358
0 0.7668231612 0.4869976359 0.0390625000 0.1037735849
0 0.7887323944 0.5342789598 0.0484375000 0.0589622642
0 0.8090766823 0.6359338061 0.0468750000 0.0778301887
0 0.7683881064 0.5957446809 0.0265625000 0.0495283019
0 0.7683881064 0.6406619385 0.0312500000 0.0566037736
0 0.7183098592 0.3262411348 0.0734375000 0.1320754717
0 0.9076682316 0.7895981087 0.0546875000 0.1179245283
