0 0.0845070423 0.0685579196 0.0484375000 0.0471698113
0 0.1752738654 0.1182033097 0.0218750000 0.0566037736
0 0.0594679186 0.1938534279 0.0234375000 0.0306603774
0 0.1189358372 0.2245862884 0.0234375000 0.0377358491
0 0.1298904538 0.1843971631 0.0203125000 0.0566037736
0 0.1455399061 0.3120567376 0.0218750000 0.0330188679
0 0.2222222222 0.3073286052 0.0250000000 0.0400943396
0 0.1017214397 0.4728132388 0.0328125000 0.0613207547
0 0.1471048513 0.4255319149 0.0359375000 0.0613207547
0 0.1956181534 0.4255319149 0.0218750000 0.0306603774
0 0.2331768388 0.4160756501 0.0296875000 0.0330188679
0 0.2410015649 0.5602836879 0.0250000000 0.0613207547
0 0.3458528951 0.5579196217 0.0234375000 0.0495283019
0 0.4100156495 0.7304964539 0.0218750000 0.0353773585
0 0.3802816901 0.7517730496 0.0484375000 0.0400943396
0 0.3787167449 0.7895981087 0.0140625000 0.0283018868
0 0.4851330203 0.3758865248 0.0250000000 0.0542452830
0 0.4710485133 0.5295508274 0.0437500000 0.0566037736
0 0.4835680751 0.6241134752 0.0421875000 0.0731132075
0 0.5039123631 0.7328605201 0.0515625000 0.0731132075
0 0.5555555556 0.8392434988 0.0343750000 0.0495283019
0 0.6103286385 0.5200945626 0.0375000000 0.1250000000
0 0.5915492958 0.6052009456 0.0390625000 0.0566037736
0 0.6275430360 0.6524822695 0.0328125000 0.0613207547
0 0.6651017214 0.7163120567 0.0453125000 0.0849056604
0 0.6619718310 0.2529550827 0.0312500000 0.0589622642
0 0.6338028169 0.3073286052 0.0359375000 0.0636792453
0 0.7370892019 0.3711583924 0.0328125000 0.0660377358
0 0.7589984351 0.4255319149 0.0343750000 0.0778301887
0 0.7699530516 0.5035460993 0.0343750000 0.0471698113
0 0.7918622848 0.5531914894 0.0328125000 0.0566037736
0 0.7120500782 0.6052009456 0.0296875000 0.0377358491
0 0.7402190923 0.6028368794 0.0265625000 0.0495283019
0 0.7730829421 0.6146572104 0.0203125000 0.0424528302
0 0.7464788732 0.6666666667 0.0328125000 0.0471698113
0 0.7762128326 0.6666666667 0.0234375000 0.0424528302
0 0.8106416275 0.6595744681 0.0375000000 0.0731132075
0 0.7605633803 0.7186761229 0.0296875000 0.0330188679
0 0.7511737089 0.7470449173 0.0359375000 0.0424528302
0 0.7918622848 0.7281323877 0.0187500000 0.0330188679
0 0.7809076682 0.7730496454 0.0203125000 0.0330188679
0 0.8309859155 0.7541371158 0.0484375000 0.0518867925
0 0.7887323944 0.8628841608 0.0296875000 0.0683962264
0 0.9123630673 0.6643026005 0.0359375000 0.1132075472
0 0.8826291080 0.5957446809 0.0375000000 0.0966981132
0 0.8575899844 0.5106382979 0.0531250000 0.0613207547
0 0.8294209703 0.4113475177 0.0390625000 0.0566037736
0 0.7417840376 0.1843971631 0.0296875000 0.0542452830
0 0.7887323944 0.2671394799 0.0234375000 0.0613207547
0 0.5712050078 0.8865248227 0.0218750000 0.0424528302
0 0.7026604069 0.4349881797 0.0515625000 0.0801886792
0 0.7057902973 0.5059101655 0.0468750000 0.0518867925
0 0.5352112676 0.5011820331 0.0296875000 0.0636792453
0 0.5821596244 0.6737588652 0.0187500000 0.0471698113
0 0.6025039124 0.4373522459 0.0281250000 0.0613207547
0 0.1940532081 0.5508274232 0.0140625000 0.0400943396
0 0.2300469484 0.8321513002 0.0531250000 0.0778301887
0 0.0344287950 0.2364066194 0.0312500000 0.0448113208
0 0.0845070423 0.3309692671 0.0234375000 0.0235849057
0 0.8528951487 0.8368794326 0.0250000000 0.0400943396
