0 0.0782472613 0.0827423168 0.0359375000 0.0235849057
0 0.1643192488 0.1323877069 0.0140625000 0.0353773585
0 0.2519561815 0.2316784870 0.0140625000 0.0283018868
0 0.2676056338 0.2978723404 0.0328125000 0.0448113208
0 0.1893583725 0.4491725768 0.0203125000 0.0377358491
0 0.0938967136 0.4728132388 0.0281250000 0.0400943396
0 0.2613458529 0.4775413712 0.0171875000 0.0306603774
0 0.2644757433 0.4326241135 0.0359375000 0.0589622642
0 0.4788732394 0.5531914894 0.0359375000 0.0448113208
0 0.5007824726 0.6335697400 0.0171875000 0.0259433962
0 0.4820031299 0.6359338061 0.0234375000 0.0448113208
0 0.5054773083 0.7423167849 0.0281250000 0.0353773585
0 0.5524256651 0.8581560284 0.0296875000 0.0400943396
0 0.6604068858 0.2765957447 0.0171875000 0.0330188679
0 0.6400625978 0.3262411348 0.0281250000 0.0353773585
0 0.6932707355 0.4444444444 0.0218750000 0.0471698113
0 0.7136150235 0.4609929078 0.0187500000 0.0400943396
0 0.6964006260 0.5248226950 0.0203125000 0.0495283019
0 0.7386541471 0.6217494090 0.0203125000 0.0448113208
0 0.6056338028 0.5768321513 0.0281250000 0.0330188679
0 0.8294209703 0.4231678487 0.0343750000 0.0518867925
0 0.8513302034 0.5248226950 0.0421875000 0.0495283019
0 0.8748043818 0.6122931442 0.0328125000 0.0778301887
0 0.9045383412 0.6737588652 0.0328125000 0.0919811321
0 0.8262910798 0.7730496454 0.0500000000 0.0542452830
0 0.7417840376 0.6903073286 0.0265625000 0.0400943396
0 0.7464788732 0.7588652482 0.0359375000 0.0400943396
0 0.7558685446 0.7352245863 0.0140625000 0.0306603774
0 0.7730829421 0.6406619385 0.0218750000 0.0566037736
0 0.7574334898 0.4468085106 0.0343750000 0.0589622642
0 0.7167449139 0.3522458629 0.0250000000 0.0943396226
0 0.7887323944 0.2860520095 0.0250000000 0.0471698113
0 0.8075117371 0.6761229314 0.0406250000 0.0731132075
0 0.7777777778 0.7895981087 0.0187500000 0.0306603774
0 0.7042253521 0.9385342790 0.0265625000 0.0400943396
0 0.6322378717 0.6713947991 0.0390625000 0.0518867925
0 0.5962441315 0.6217494090 0.0375000000 0.0589622642
0 0.6510172144 0.7210401891 0.0203125000 0.0377358491
