0 0.0161542470 0.0417052827 0.0307291667 0.0324074074
0 0.0479416363 0.0546802595 0.0140625000 0.0277777778
0 0.0588848359 0.0593141798 0.0088541667 0.0250000000
0 0.0437727983 0.1047265987 0.0291666667 0.0500000000
0 0.1172485670 0.0083410565 0.0125000000 0.0129629630
0 0.1099531006 0.0194624652 0.0109375000 0.0138888889
0 0.1396560709 0.0111214087 0.0192708333 0.0222222222
0 0.1375716519 0.0352177943 0.0161458333 0.0203703704
0 0.1464304325 0.0593141798 0.0083333333 0.0175925926
0 0.1839499739 0.0787766450 0.0088541667 0.0259259259
0 0.2073996873 0.0593141798 0.0088541667 0.0148148148
0 0.2084418968 0.0092678406 0.0119791667 0.0129629630
0 0.2303282960 0.0157553290 0.0088541667 0.0240740741
0 0.2642001042 0.1019462465 0.0083333333 0.0259259259
0 0.3100573215 0.0769230769 0.0130208333 0.0194444444
0 0.2923397603 0.0565338276 0.0119791667 0.0138888889
0 0.2292860865 0.1028730306 0.0088541667 0.0138888889
0 0.3402813966 0.1899907322 0.0119791667 0.0203703704
0 0.3548723293 0.1575532901 0.0093750000 0.0185185185
0 0.3663366337 0.1649675626 0.0114583333 0.0240740741
0 0.3824908807 0.1992585728 0.0098958333 0.0194444444
0 0.4194893174 0.2511584801 0.0177083333 0.0305555556
0 0.4382490881 0.2585727525 0.0125000000 0.0231481481
0 0.4335591454 0.2817423540 0.0161458333 0.0379629630
0 0.4398124023 0.4105653383 0.0078125000 0.0129629630
0 0.4502344971 0.4253938832 0.0067708333 0.0185185185
0 0.5070349140 0.4133456905 0.0088541667 0.0157407407
0 0.5325690464 0.4170528267 0.0151041667 0.0240740741
0 0.5289213132 0.3790546803 0.0104166667 0.0203703704
0 0.5726941115 0.4893419833 0.0135416667 0.0268518519
0 0.5482021886 0.5356811863 0.0239583333 0.0407407407
0 0.5966649297 0.5264133457 0.0125000000 0.0194444444
0 0.6211568525 0.5523632994 0.0098958333 0.0250000000
0 0.6685773841 0.4911955514 0.0067708333 0.0157407407
0 0.7545596665 0.4967562558 0.0083333333 0.0185185185
0 0.7378843147 0.6005560704 0.0130208333 0.0240740741
0 0.6883793643 0.5912882298 0.0083333333 0.0129629630
0 0.6988014591 0.6858202039 0.0093750000 0.0111111111
0 0.6362688900 0.7275254866 0.0104166667 0.0212962963
0 0.6195935383 0.7451343837 0.0072916667 0.0111111111
0 0.6201146430 0.7553290083 0.0083333333 0.0111111111
0 0.6003126628 0.7025023170 0.0093750000 0.0185185185
0 0.5930171965 0.6515291937 0.0067708333 0.0175925926
0 0.5695674831 0.6793327155 0.0161458333 0.0259259259
0 0.5455966649 0.6478220575 0.0083333333 0.0185185185
0 0.4429390307 0.5801668211 0.0250000000 0.0351851852
0 0.3939551850 0.6265060241 0.0187500000 0.0203703704
0 0.3976029182 0.6598702502 0.0177083333 0.0287037037
0 0.3856175091 0.6635773865 0.0151041667 0.0148148148
0 0.4163626889 0.6691380908 0.0104166667 0.0185185185
0 0.3376758729 0.5699721965 0.0125000000 0.0277777778
0 0.3215216258 0.5931417980 0.0109375000 0.0185185185
0 0.2569046378 0.5746061168 0.0135416667 0.0314814815
0 0.2506513809 0.5393883225 0.0093750000 0.0157407407
0 0.2313705055 0.5736793327 0.0130208333 0.0157407407
0 0.2183428869 0.5977757183 0.0088541667 0.0120370370
0 0.2746221991 0.5662650602 0.0057291667 0.0092592593
0 0.1771756123 0.4828544949 0.0218750000 0.0370370370
0 0.1631057843 0.5115848007 0.0114583333 0.0185185185
0 0.2225117249 0.4235403151 0.0083333333 0.0212962963
0 0.2292860865 0.4272474513 0.0067708333 0.0194444444
0 0.2199062011 0.3781278962 0.0083333333 0.0194444444
0 0.1453882230 0.2835959222 0.0140625000 0.0324074074
0 0.2600312663 0.2873030584 0.0078125000 0.0222222222
0 0.2683689422 0.2150139018 0.0114583333 0.0212962963
0 0.3017196456 0.2678405931 0.0088541667 0.0148148148
0 0.2245961438 0.2011121409 0.0171875000 0.0574074074
0 0.1615424700 0.1696014829 0.0135416667 0.0268518519
0 0.0849400730 0.2020389249 0.0109375000 0.0462962963
0 0.0427305888 0.1936978684 0.0223958333 0.0398148148
0 0.0104220948 0.2215013902 0.0197916667 0.0379629630
0 0.0489838458 0.1631139944 0.0078125000 0.0129629630
0 0.0177175612 0.2594995366 0.0161458333 0.0287037037
0 0.0130276186 0.2808155700 0.0067708333 0.0111111111
0 0.1000521105 0.2919369787 0.0203125000 0.0351851852
0 0.0255341324 0.3799814643 0.0197916667 0.0277777778
0 0.0495049505 0.4874884152 0.0135416667 0.0277777778
0 0.0515893695 0.5180722892 0.0151041667 0.0231481481
0 0.0156331423 0.5254865616 0.0125000000 0.0175925926
0 0.0213652944 0.5375347544 0.0078125000 0.0111111111
0 0.0255341324 0.5486561631 0.0052083333 0.0083333333
0 0.0114643043 0.5523632994 0.0057291667 0.0111111111
0 0.0739968734 0.5301204819 0.0098958333 0.0138888889
0 0.0948410631 0.5060240964 0.0156250000 0.0240740741
0 0.0984887962 0.4819277108 0.0119791667 0.0166666667
0 0.1266284523 0.4569045412 0.0083333333 0.0148148148
0 0.3246482543 0.2798887859 0.0088541667 0.0194444444
0 0.3178738927 0.2900834106 0.0088541667 0.0148148148
0 0.3095362168 0.3021316033 0.0078125000 0.0101851852
0 0.3189161021 0.3447636701 0.0072916667 0.0138888889
0 0.3084940073 0.3623725672 0.0046875000 0.0120370370
0 0.3131839500 0.4680259500 0.0114583333 0.0203703704
0 0.4325169359 0.3206672845 0.0098958333 0.0157407407
0 0.4226159458 0.3058387396 0.0057291667 0.0111111111
0 0.2120896300 0.3327154773 0.0041666667 0.0074074074
0 0.2126107348 0.3493975904 0.0109375000 0.0166666667
0 0.4106305367 0.7636700649 0.0072916667 0.0138888889
0 0.4372068786 0.7126969416 0.0067708333 0.0157407407
0 0.3918707660 0.7460611677 0.0109375000 0.0185185185
0 0.3783220427 0.7784986098 0.0083333333 0.0157407407
0 0.3689421574 0.7303058387 0.0119791667 0.0185185185
0 0.3611255862 0.7173308619 0.0072916667 0.0148148148
0 0.3147472642 0.7618164968 0.0098958333 0.0129629630
0 0.2501302762 0.7720111214 0.0046875000 0.0120370370
0 0.2209484106 0.7173308619 0.0067708333 0.0166666667
0 0.1771756123 0.5894346617 0.0062500000 0.0129629630
0 0.1156852527 0.5996292864 0.0072916667 0.0166666667
0 0.1203751954 0.5727525487 0.0083333333 0.0129629630
0 0.0708702449 0.6756255792 0.0057291667 0.0111111111
0 0.0427305888 0.6746987952 0.0088541667 0.0138888889
0 0.0067743616 0.7599629286 0.0104166667 0.0166666667
0 0.0297029703 0.7645968489 0.0067708333 0.0101851852
0 0.0411672746 0.8044485635 0.0072916667 0.0092592593
0 0.0943199583 0.7534754402 0.0156250000 0.0212962963
0 0.1063053674 0.9045412419 0.0083333333 0.0111111111
0 0.2058363731 0.7006487488 0.0072916667 0.0157407407
