0 0.0385617509 0.1037998146 0.0250000000 0.0435185185
0 0.0401250651 0.0611677479 0.0114583333 0.0222222222
0 0.0521104742 0.0611677479 0.0067708333 0.0212962963
0 0.1026576342 0.0176088971 0.0104166667 0.0148148148
0 0.1151641480 0.0287303058 0.0156250000 0.0324074074
0 0.1323606045 0.0333642261 0.0166666667 0.0314814815
0 0.1412193851 0.0574606117 0.0125000000 0.0240740741
0 0.1855132882 0.0176088971 0.0130208333 0.0212962963
0 0.1704012507 0.0342910102 0.0088541667 0.0120370370
0 0.1823866597 0.0778498610 0.0192708333 0.0268518519
0 0.2027097447 0.0658016682 0.0145833333 0.0333333333
0 0.2245961438 0.0815569972 0.0098958333 0.0185185185
0 0.2266805628 0.1019462465 0.0119791667 0.0175925926
0 0.1776967170 0.1334569045 0.0072916667 0.0120370370
0 0.1829077645 0.1260426321 0.0062500000 0.0138888889
0 0.2652423137 0.0963855422 0.0197916667 0.0259259259
0 0.2751433038 0.0750695088 0.0130208333 0.0240740741
0 0.2970297030 0.0342910102 0.0192708333 0.0314814815
0 0.2912975508 0.0574606117 0.0119791667 0.0185185185
0 0.3116206357 0.0750695088 0.0130208333 0.0231481481
0 0.3064095883 0.0908248378 0.0156250000 0.0203703704
0 0.3157894737 0.1047265987 0.0072916667 0.0101851852
0 0.3168316832 0.0194624652 0.0250000000 0.0212962963
0 0.0375195414 0.1927710843 0.0218750000 0.0481481481
0 0.0807712350 0.2038924930 0.0197916667 0.0490740741
0 0.0984887962 0.2947173309 0.0197916667 0.0361111111
0 0.1438249088 0.2873030584 0.0161458333 0.0379629630
0 0.2214695154 0.2029657090 0.0192708333 0.0564814815
0 0.2683689422 0.2122335496 0.0125000000 0.0250000000
0 0.2574257426 0.2900834106 0.0140625000 0.0259259259
0 0.2704533611 0.2530120482 0.0062500000 0.0148148148
0 0.2871287129 0.2530120482 0.0078125000 0.0111111111
0 0.3011985409 0.2706209453 0.0119791667 0.0240740741
0 0.3246482543 0.2798887859 0.0119791667 0.0250000000
0 0.3189161021 0.2900834106 0.0135416667 0.0250000000
0 0.3428869203 0.1899907322 0.0145833333 0.0231481481
0 0.2730588848 0.1742354032 0.0046875000 0.0092592593
0 0.3564356436 0.1556997220 0.0114583333 0.0250000000
0 0.3678999479 0.1658943466 0.0140625000 0.0333333333
0 0.3877019281 0.1955514365 0.0088541667 0.0203703704
0 0.3840541949 0.2270620945 0.0078125000 0.0166666667
0 0.4220948411 0.2493049120 0.0171875000 0.0324074074
0 0.4252214695 0.3021316033 0.0125000000 0.0240740741
0 0.4356435644 0.3206672845 0.0093750000 0.0148148148
0 0.4372068786 0.2761816497 0.0192708333 0.0814814815
0 0.0239708181 0.3827618165 0.0177083333 0.0324074074
0 0.0171964565 0.5366079703 0.0203125000 0.0425925926
0 0.0104220948 0.5579240037 0.0083333333 0.0175925926
0 0.0495049505 0.5078776645 0.0255208333 0.0740740741
0 0.0984887962 0.4828544949 0.0156250000 0.0268518519
0 0.0953621678 0.5189990732 0.0182291667 0.0462962963
0 0.0724335591 0.5338276182 0.0140625000 0.0277777778
0 0.1141219385 0.6061167748 0.0098958333 0.0194444444
0 0.1756122981 0.4865616311 0.0255208333 0.0472222222
0 0.1261073476 0.4606116775 0.0104166667 0.0138888889
0 0.1177696717 0.5773864690 0.0088541667 0.0194444444
0 0.1745700886 0.5940685820 0.0109375000 0.0222222222
0 0.2100052110 0.3512511585 0.0083333333 0.0111111111
0 0.2178217822 0.3818350324 0.0093750000 0.0166666667
0 0.2011464304 0.4392956441 0.0098958333 0.0203703704
0 0.2209484106 0.4114921223 0.0072916667 0.0138888889
0 0.2251172486 0.4300278035 0.0135416667 0.0212962963
0 0.2511724857 0.5449490269 0.0130208333 0.0222222222
0 0.2313705055 0.5755329008 0.0156250000 0.0129629630
0 0.2360604482 0.5977757183 0.0145833333 0.0148148148
0 0.2183428869 0.6042632067 0.0098958333 0.0138888889
0 0.2600312663 0.5746061168 0.0187500000 0.0333333333
0 0.2855653986 0.6107506951 0.0109375000 0.0148148148
0 0.2746221991 0.5366079703 0.0052083333 0.0120370370
0 0.2787910370 0.5264133457 0.0041666667 0.0166666667
0 0.0078165711 0.6506024096 0.0109375000 0.0203703704
0 0.0390828557 0.6793327155 0.0197916667 0.0462962963
0 0.0260552371 0.7710843373 0.0197916667 0.0388888889
0 0.0072954664 0.7710843373 0.0119791667 0.0361111111
0 0.0411672746 0.8081556997 0.0088541667 0.0157407407
0 0.0932777488 0.7590361446 0.0296875000 0.0425925926
0 0.0427305888 0.8869323448 0.0161458333 0.0240740741
0 0.0333507035 0.9610750695 0.0151041667 0.0314814815
0 0.0599270453 0.9823911029 0.0125000000 0.0240740741
0 0.2204273059 0.7210379981 0.0098958333 0.0212962963
0 0.2053152684 0.7516218721 0.0156250000 0.0222222222
0 0.2188639917 0.8387395737 0.0083333333 0.0185185185
0 0.2527357999 0.7803521779 0.0093750000 0.0259259259
0 0.2584679521 0.7506950880 0.0093750000 0.0157407407
0 0.2965085982 0.7655236330 0.0130208333 0.0259259259
0 0.3168316832 0.7683039852 0.0125000000 0.0240740741
0 0.2892131318 0.5060240964 0.0062500000 0.0129629630
0 0.3121417405 0.4680259500 0.0093750000 0.0157407407
0 0.3215216258 0.5699721965 0.0062500000 0.0129629630
0 0.3168316832 0.5792400371 0.0057291667 0.0101851852
0 0.3210005211 0.5949953661 0.0182291667 0.0203703704
0 0.3397602918 0.5708989805 0.0182291667 0.0388888889
0 0.3621677957 0.6478220575 0.0135416667 0.0231481481
0 0.3460135487 0.7219647822 0.0093750000 0.0175925926
0 0.3626889005 0.7201112141 0.0072916667 0.0138888889
0 0.3725898906 0.7330861909 0.0135416667 0.0250000000
0 0.3793642522 0.7822057461 0.0114583333 0.0212962963
0 0.3934340803 0.7525486562 0.0135416667 0.0240740741
0 0.4038561751 0.7479147359 0.0093750000 0.0212962963
0 0.4116727462 0.7655236330 0.0156250000 0.0259259259
0 0.4184471079 0.6682113068 0.0151041667 0.0222222222
0 0.4382490881 0.7164040778 0.0098958333 0.0166666667
0 0.3960396040 0.6283595922 0.0192708333 0.0361111111
0 0.3970818134 0.6654309546 0.0281250000 0.0333333333
0 0.4361646691 0.5708989805 0.0135416667 0.0222222222
0 0.4512767066 0.5810936052 0.0234375000 0.0407407407
0 0.4658676394 0.6450417053 0.0046875000 0.0074074074
0 0.4705575821 0.6793327155 0.0125000000 0.0148148148
0 0.5033871808 0.5801668211 0.0072916667 0.0185185185
0 0.4554455446 0.4244670992 0.0078125000 0.0203703704
0 0.4705575821 0.4309545876 0.0119791667 0.0185185185
0 0.4893173528 0.4374420760 0.0093750000 0.0148148148
0 0.5127670662 0.3744207600 0.0083333333 0.0138888889
0 0.5132881709 0.4114921223 0.0072916667 0.0148148148
0 0.5336112559 0.3744207600 0.0119791667 0.0194444444
0 0.5372589891 0.4142724745 0.0151041667 0.0250000000
0 0.5773840542 0.4902687674 0.0145833333 0.0379629630
0 0.6128191767 0.4392956441 0.0062500000 0.0120370370
0 0.6211568525 0.4476367006 0.0057291667 0.0185185185
0 0.6565919750 0.4494902688 0.0187500000 0.0324074074
0 0.6722251172 0.4902687674 0.0098958333 0.0203703704
0 0.6050026055 0.5199258573 0.0104166667 0.0185185185
0 0.5971860344 0.5245597776 0.0093750000 0.0166666667
0 0.6122980719 0.5523632994 0.0088541667 0.0129629630
0 0.6253256905 0.5514365153 0.0125000000 0.0203703704
0 0.5539343408 0.5347544022 0.0338541667 0.0527777778
0 0.5549765503 0.5773864690 0.0119791667 0.0185185185
0 0.5560187598 0.5996292864 0.0078125000 0.0148148148
0 0.5549765503 0.6172381835 0.0078125000 0.0212962963
0 0.5497655029 0.6515291937 0.0114583333 0.0231481481
0 0.5737363210 0.6784059314 0.0093750000 0.0194444444
0 0.5617509119 0.7256719184 0.0083333333 0.0166666667
0 0.5700885878 0.7164040778 0.0088541667 0.0157407407
0 0.5127670662 0.7673772011 0.0114583333 0.0212962963
0 0.6029181866 0.7034291010 0.0093750000 0.0175925926
0 0.6201146430 0.7497683040 0.0140625000 0.0342592593
0 0.6414799375 0.7284522706 0.0239583333 0.0287037037
0 0.6565919750 0.6950880445 0.0083333333 0.0138888889
0 0.6597186034 0.7052826691 0.0109375000 0.0185185185
0 0.6571130797 0.8202038925 0.0119791667 0.0250000000
0 0.6868160500 0.5708989805 0.0098958333 0.0212962963
0 0.6878582595 0.5903614458 0.0161458333 0.0240740741
0 0.7420531527 0.5996292864 0.0125000000 0.0296296296
0 0.7311099531 0.6848934198 0.0171875000 0.0342592593
0 0.7045336113 0.6867469880 0.0166666667 0.0175925926
0 0.6904637832 0.6830398517 0.0093750000 0.0185185185
0 0.7597707139 0.4921223355 0.0203125000 0.0268518519
0 0.7842626368 0.5699721965 0.0156250000 0.0194444444
0 0.8092756644 0.5783132530 0.0114583333 0.0296296296
0 0.7701928088 0.6506024096 0.0119791667 0.0212962963
0 0.8139656071 0.6376274328 0.0067708333 0.0222222222
0 0.8676393955 0.5449490269 0.0140625000 0.0240740741
0 0.8566961959 0.5922150139 0.0093750000 0.0425925926
0 0.8514851485 0.6320667285 0.0125000000 0.0166666667
