0 0.0474205315 0.0991658943 0.0317708333 0.0416666667
0 0.0531526837 0.0491195551 0.0145833333 0.0175925926
0 0.1459093278 0.0083410565 0.0098958333 0.0157407407
0 0.2272016675 0.1890639481 0.0078125000 0.0148148148
0 0.2282438770 0.2085264133 0.0083333333 0.0120370370
0 0.1057842626 0.2974976830 0.0088541667 0.0166666667
0 0.1505992705 0.2873030584 0.0104166667 0.0212962963
0 0.0307451798 0.3818350324 0.0119791667 0.0194444444
0 0.0161542470 0.2224281742 0.0239583333 0.0379629630
0 0.0500260552 0.1983317887 0.0104166667 0.0194444444
0 0.0286607608 0.2687673772 0.0078125000 0.0166666667
0 0.0995310057 0.5078776645 0.0104166667 0.0157407407
0 0.0104220948 0.7590361446 0.0083333333 0.0138888889
0 0.0953621678 0.7553290083 0.0088541667 0.0166666667
0 0.1813444502 0.4874884152 0.0145833333 0.0305555556
0 0.2668056279 0.1093605190 0.0072916667 0.0157407407
0 0.2490880667 0.1992585728 0.0098958333 0.0194444444
0 0.2266805628 0.4281742354 0.0062500000 0.0138888889
0 0.2324127150 0.4328081557 0.0062500000 0.0157407407
0 0.3142261595 0.4745134384 0.0088541667 0.0166666667
0 0.2527357999 0.5458758109 0.0072916667 0.0083333333
0 0.2589890568 0.5783132530 0.0104166667 0.0203703704
0 0.2344971339 0.5792400371 0.0088541667 0.0129629630
0 0.2230328296 0.7219647822 0.0057291667 0.0101851852
0 0.1307972903 0.7683039852 0.0057291667 0.0092592593
0 0.3376758729 0.5736793327 0.0083333333 0.0166666667
0 0.3944762897 0.6311399444 0.0119791667 0.0203703704
0 0.3991662324 0.6645041705 0.0125000000 0.0231481481
0 0.4471078687 0.5875810936 0.0135416667 0.0250000000
0 0.3168316832 0.7664504171 0.0067708333 0.0092592593
0 0.5466388744 0.5412418906 0.0192708333 0.0324074074
0 0.5466388744 0.6543095459 0.0067708333 0.0157407407
0 0.5706096925 0.6848934198 0.0114583333 0.0175925926
0 0.5930171965 0.6589434662 0.0067708333 0.0148148148
0 0.6003126628 0.7089898054 0.0098958333 0.0138888889
0 0.7389265242 0.6070435589 0.0109375000 0.0194444444
0 0.3668577384 0.1751621872 0.0057291667 0.0240740741
0 0.4382490881 0.2669138091 0.0062500000 0.0111111111
0 0.4491922876 0.4318813716 0.0046875000 0.0129629630
0 0.4695153726 0.4402224282 0.0062500000 0.0148148148
0 0.5330901511 0.4226135310 0.0125000000 0.0120370370
