0 0.0151120375 0.0435588508 0.0276041667 0.0305555556
0 0.0463783220 0.0518999073 0.0119791667 0.0203703704
0 0.0573215216 0.0583873957 0.0067708333 0.0250000000
0 0.0432516936 0.1019462465 0.0276041667 0.0435185185
0 0.1073475769 0.0203892493 0.0119791667 0.0138888889
0 0.1360083377 0.0342910102 0.0130208333 0.0250000000
0 0.1448671183 0.0583873957 0.0067708333 0.0166666667
0 0.1839499739 0.0778498610 0.0088541667 0.0222222222
0 0.2079207921 0.0593141798 0.0083333333 0.0194444444
0 0.2313705055 0.0176088971 0.0104166667 0.0157407407
0 0.1886399166 0.0166821131 0.0135416667 0.0138888889
0 0.2516935904 0.0139017609 0.0052083333 0.0111111111
0 0.2553413236 0.0250231696 0.0072916667 0.0092592593
0 0.2303282960 0.1019462465 0.0093750000 0.0175925926
0 0.2668056279 0.0963855422 0.0156250000 0.0185185185
0 0.2965085982 0.0389249305 0.0114583333 0.0194444444
0 0.3147472642 0.0157553290 0.0109375000 0.0129629630
0 0.2923397603 0.0537534754 0.0104166667 0.0157407407
0 0.3116206357 0.0750695088 0.0119791667 0.0222222222
0 0.0104220948 0.2224281742 0.0197916667 0.0370370370
0 0.0177175612 0.2585727525 0.0166666667 0.0250000000
0 0.0411672746 0.1936978684 0.0161458333 0.0361111111
0 0.0474205315 0.1631139944 0.0062500000 0.0111111111
0 0.0416883794 0.1677479147 0.0057291667 0.0092592593
0 0.0833767587 0.2001853568 0.0125000000 0.0361111111
0 0.1599791558 0.1677479147 0.0098958333 0.0259259259
0 0.1688379364 0.1649675626 0.0052083333 0.0157407407
0 0.2225117249 0.1816496756 0.0125000000 0.0231481481
0 0.2240750391 0.2094531974 0.0156250000 0.0287037037
0 0.2459614382 0.1872103800 0.0109375000 0.0203703704
0 0.2688900469 0.2113067655 0.0114583333 0.0231481481
0 0.2746221991 0.1751621872 0.0057291667 0.0129629630
0 0.3402813966 0.1881371640 0.0109375000 0.0185185185
0 0.3564356436 0.1547729379 0.0083333333 0.0222222222
0 0.3658155289 0.1631139944 0.0109375000 0.0231481481
0 0.3830119854 0.1983317887 0.0098958333 0.0185185185
0 0.1672746222 0.2140871177 0.0057291667 0.0120370370
0 0.1005732152 0.2576459685 0.0119791667 0.0203703704
0 0.0995310057 0.2910101946 0.0208333333 0.0351851852
0 0.1453882230 0.2808155700 0.0151041667 0.0324074074
0 0.2886920271 0.2483781279 0.0072916667 0.0120370370
0 0.3017196456 0.2659870250 0.0078125000 0.0194444444
0 0.3241271496 0.2780352178 0.0098958333 0.0203703704
0 0.3189161021 0.2873030584 0.0088541667 0.0166666667
0 0.3194372069 0.3429101019 0.0078125000 0.0175925926
0 0.2438770193 0.2854494903 0.0057291667 0.0083333333
0 0.2600312663 0.2854494903 0.0083333333 0.0212962963
0 0.0250130276 0.3799814643 0.0177083333 0.0287037037
0 0.0667014070 0.4050046339 0.0057291667 0.0129629630
0 0.0500260552 0.4874884152 0.0156250000 0.0268518519
0 0.0521104742 0.5199258573 0.0140625000 0.0240740741
0 0.0156331423 0.5264133457 0.0104166667 0.0148148148
0 0.0187597707 0.5041705283 0.0083333333 0.0129629630
0 0.0224075039 0.5375347544 0.0072916667 0.0129629630
0 0.0119854091 0.5523632994 0.0072916667 0.0120370370
0 0.0260552371 0.5486561631 0.0041666667 0.0083333333
0 0.0734757686 0.5310472660 0.0109375000 0.0185185185
0 0.0984887962 0.5245597776 0.0083333333 0.0138888889
0 0.0943199583 0.5060240964 0.0192708333 0.0240740741
0 0.0995310057 0.4828544949 0.0125000000 0.0166666667
0 0.1266284523 0.4559777572 0.0072916667 0.0148148148
0 0.2115685253 0.3317886932 0.0057291667 0.0092592593
0 0.2110474205 0.3466172382 0.0093750000 0.0157407407
0 0.2193850964 0.3772011121 0.0088541667 0.0185185185
0 0.2230328296 0.4226135310 0.0078125000 0.0175925926
0 0.2292860865 0.4263206673 0.0062500000 0.0194444444
0 0.2021886399 0.4365152919 0.0072916667 0.0222222222
0 0.1782178218 0.4819277108 0.0187500000 0.0361111111
0 0.1625846795 0.5088044486 0.0119791667 0.0175925926
0 0.1756122981 0.5912882298 0.0078125000 0.0148148148
0 0.2308494007 0.5718257646 0.0130208333 0.0175925926
0 0.2511724857 0.5384615385 0.0114583333 0.0175925926
0 0.2569046378 0.5699721965 0.0140625000 0.0268518519
0 0.2188639917 0.5987025023 0.0083333333 0.0138888889
0 0.3079729026 0.3614457831 0.0046875000 0.0111111111
0 0.3121417405 0.4652455978 0.0114583333 0.0203703704
0 0.3371547681 0.5681186284 0.0171875000 0.0333333333
0 0.3210005211 0.5912882298 0.0135416667 0.0175925926
0 0.3944762897 0.6246524560 0.0156250000 0.0240740741
0 0.3944762897 0.6589434662 0.0234375000 0.0268518519
0 0.0719124544 0.5662650602 0.0057291667 0.0083333333
0 0.1162063575 0.5996292864 0.0083333333 0.0194444444
0 0.0078165711 0.6561631140 0.0088541667 0.0240740741
0 0.0151120375 0.6598702502 0.0046875000 0.0138888889
0 0.0432516936 0.6737720111 0.0067708333 0.0157407407
0 0.0713913497 0.6765523633 0.0072916667 0.0166666667
0 0.0948410631 0.7534754402 0.0187500000 0.0296296296
0 0.0297029703 0.7645968489 0.0083333333 0.0166666667
0 0.0239708181 0.7747914736 0.0093750000 0.0166666667
0 0.0072954664 0.7599629286 0.0109375000 0.0175925926
0 0.0333507035 0.9555143652 0.0119791667 0.0166666667
0 0.0354351225 0.8897126969 0.0130208333 0.0231481481
0 0.2053152684 0.7006487488 0.0093750000 0.0175925926
0 0.2214695154 0.7154772938 0.0078125000 0.0148148148
0 0.2506513809 0.7729379055 0.0067708333 0.0111111111
0 0.3152683689 0.7608897127 0.0109375000 0.0166666667
0 0.3699843669 0.7275254866 0.0125000000 0.0194444444
0 0.3929129755 0.7460611677 0.0114583333 0.0175925926
0 0.4111516415 0.7618164968 0.0093750000 0.0157407407
0 0.3783220427 0.7766450417 0.0093750000 0.0157407407
0 0.4200104221 0.2502316960 0.0145833333 0.0277777778
0 0.4382490881 0.2557924004 0.0135416667 0.0231481481
0 0.4330380406 0.2771084337 0.0151041667 0.0342592593
0 0.4325169359 0.3188137164 0.0098958333 0.0157407407
0 0.4408546118 0.4087117702 0.0067708333 0.0111111111
0 0.4512767066 0.4235403151 0.0078125000 0.0185185185
0 0.4695153726 0.4318813716 0.0078125000 0.0175925926
0 0.4861907243 0.4392956441 0.0052083333 0.0111111111
0 0.5304846274 0.3762743281 0.0114583333 0.0194444444
0 0.5091193330 0.4133456905 0.0067708333 0.0129629630
0 0.5336112559 0.4133456905 0.0140625000 0.0212962963
0 0.4445023450 0.5801668211 0.0276041667 0.0342592593
0 0.5101615425 0.7655236330 0.0088541667 0.0166666667
0 0.5732152163 0.4874884152 0.0145833333 0.0268518519
0 0.5508077124 0.5310472660 0.0260416667 0.0416666667
0 0.5982282439 0.5245597776 0.0125000000 0.0175925926
0 0.6232412715 0.5514365153 0.0098958333 0.0185185185
0 0.5461177697 0.6468952734 0.0078125000 0.0203703704
0 0.5940594059 0.6487488415 0.0083333333 0.0138888889
0 0.5706096925 0.6784059314 0.0119791667 0.0231481481
0 0.6013548723 0.7015755329 0.0104166667 0.0222222222
0 0.0406461699 0.8044485635 0.0067708333 0.0120370370
0 0.6195935383 0.7497683040 0.0104166667 0.0222222222
0 0.6383533090 0.7256719184 0.0161458333 0.0240740741
0 0.6550286608 0.6950880445 0.0098958333 0.0138888889
0 0.7029702970 0.6876737720 0.0125000000 0.0175925926
0 0.6696195935 0.4902687674 0.0078125000 0.0175925926
0 0.6889004690 0.5903614458 0.0093750000 0.0185185185
0 0.7389265242 0.5996292864 0.0130208333 0.0222222222
0 0.7550807712 0.4949026877 0.0093750000 0.0203703704
0 0.7639395518 0.4967562558 0.0088541667 0.0166666667
0 0.8144867118 0.5708989805 0.0109375000 0.0129629630
0 0.8071912454 0.5792400371 0.0098958333 0.0212962963
0 0.8551328817 0.6088971270 0.0109375000 0.0157407407
