0 0.0135487233 0.0444856348 0.0276041667 0.0342592593
0 0.0442939031 0.0583873957 0.0114583333 0.0259259259
0 0.0547159979 0.0611677479 0.0078125000 0.0222222222
0 0.0411672746 0.1028730306 0.0229166667 0.0416666667
0 0.1047420532 0.0166821131 0.0114583333 0.0120370370
0 0.1339239187 0.0361445783 0.0140625000 0.0296296296
0 0.1427826993 0.0574606117 0.0109375000 0.0250000000
0 0.1870766024 0.0176088971 0.0145833333 0.0259259259
0 0.1855132882 0.0787766450 0.0177083333 0.0277777778
0 0.2042730589 0.0630213160 0.0140625000 0.0361111111
0 0.3121417405 0.0157553290 0.0109375000 0.0185185185
0 0.3241271496 0.0157553290 0.0062500000 0.0157407407
0 0.2949452840 0.0352177943 0.0177083333 0.0287037037
0 0.2923397603 0.0556070436 0.0135416667 0.0175925926
0 0.3110995310 0.0741427247 0.0151041667 0.0212962963
0 0.2277227723 0.0991658943 0.0078125000 0.0212962963
0 0.2266805628 0.0815569972 0.0067708333 0.0175925926
0 0.2642001042 0.0973123262 0.0151041667 0.0231481481
0 0.0396039604 0.1862835959 0.0197916667 0.0527777778
0 0.0812923398 0.1992585728 0.0161458333 0.0416666667
0 0.0067743616 0.2252085264 0.0140625000 0.0333333333
0 0.0145909328 0.2604263207 0.0166666667 0.0231481481
0 0.0984887962 0.2891566265 0.0208333333 0.0342592593
0 0.1000521105 0.2576459685 0.0098958333 0.0185185185
0 0.1443460135 0.2817423540 0.0145833333 0.0314814815
0 0.1667535175 0.2150139018 0.0062500000 0.0129629630
0 0.2209484106 0.1844300278 0.0156250000 0.0259259259
0 0.2240750391 0.2038924930 0.0151041667 0.0203703704
0 0.2214695154 0.2187210380 0.0135416667 0.0185185185
0 0.2449192288 0.1862835959 0.0109375000 0.0250000000
0 0.2678478374 0.2103799815 0.0161458333 0.0277777778
0 0.2589890568 0.2863762743 0.0182291667 0.0259259259
0 0.2105263158 0.3475440222 0.0072916667 0.0120370370
0 0.2714955706 0.2474513438 0.0052083333 0.0138888889
0 0.2886920271 0.2493049120 0.0072916667 0.0101851852
0 0.3017196456 0.2659870250 0.0093750000 0.0231481481
0 0.3256904638 0.2771084337 0.0093750000 0.0231481481
0 0.3173527879 0.2873030584 0.0119791667 0.0203703704
0 0.3194372069 0.3429101019 0.0088541667 0.0212962963
0 0.2746221991 0.1733086191 0.0062500000 0.0101851852
0 0.1672746222 0.1658943466 0.0046875000 0.0120370370
0 0.1573736321 0.1696014829 0.0114583333 0.0222222222
0 0.1823866597 0.1260426321 0.0093750000 0.0175925926
0 0.3579989578 0.1519925857 0.0083333333 0.0194444444
0 0.3673788431 0.1621872104 0.0109375000 0.0268518519
0 0.3413236060 0.1890639481 0.0125000000 0.0185185185
0 0.3845752996 0.1955514365 0.0109375000 0.0212962963
0 0.4226159458 0.2483781279 0.0177083333 0.0361111111
0 0.4387701928 0.2734012975 0.0218750000 0.0722222222
0 0.4257425743 0.2993512512 0.0109375000 0.0175925926
0 0.4351224596 0.3188137164 0.0088541667 0.0148148148
0 0.0244919229 0.3790546803 0.0166666667 0.0296296296
0 0.0667014070 0.4068582020 0.0062500000 0.0166666667
0 0.0177175612 0.5069508804 0.0083333333 0.0194444444
0 0.0145909328 0.5264133457 0.0114583333 0.0194444444
0 0.0114643043 0.5551436515 0.0072916667 0.0185185185
0 0.0224075039 0.5430954588 0.0125000000 0.0231481481
0 0.0500260552 0.4893419833 0.0177083333 0.0333333333
0 0.0526315789 0.5217794254 0.0166666667 0.0314814815
0 0.0745179781 0.5310472660 0.0125000000 0.0194444444
0 0.0990099010 0.4800741427 0.0119791667 0.0268518519
0 0.0948410631 0.5069508804 0.0177083333 0.0287037037
0 0.1255862428 0.4578313253 0.0078125000 0.0129629630
0 0.1771756123 0.4828544949 0.0229166667 0.0398148148
0 0.2011464304 0.4365152919 0.0104166667 0.0212962963
0 0.1625846795 0.5115848007 0.0114583333 0.0185185185
0 0.2183428869 0.3799814643 0.0104166667 0.0240740741
0 0.2199062011 0.4096385542 0.0072916667 0.0148148148
0 0.2225117249 0.4253938832 0.0078125000 0.0175925926
0 0.2287649818 0.4272474513 0.0067708333 0.0175925926
0 0.0729546639 0.5690454124 0.0052083333 0.0129629630
0 0.1172485670 0.5746061168 0.0067708333 0.0166666667
0 0.1151641480 0.6005560704 0.0093750000 0.0222222222
0 0.2511724857 0.5403151066 0.0104166667 0.0157407407
0 0.2329338197 0.5801668211 0.0156250000 0.0324074074
0 0.2188639917 0.5987025023 0.0093750000 0.0120370370
0 0.2589890568 0.5699721965 0.0187500000 0.0277777778
0 0.3392391871 0.5671918443 0.0156250000 0.0342592593
0 0.3220427306 0.5922150139 0.0145833333 0.0157407407
0 0.2845231892 0.6051899907 0.0078125000 0.0148148148
0 0.2798332465 0.5264133457 0.0072916667 0.0166666667
0 0.3121417405 0.4652455978 0.0098958333 0.0166666667
0 0.0072954664 0.6561631140 0.0104166667 0.0277777778
0 0.0151120375 0.6617238184 0.0067708333 0.0148148148
0 0.0369984367 0.6774791474 0.0098958333 0.0212962963
0 0.0442939031 0.6746987952 0.0067708333 0.0120370370
0 0.0713913497 0.6774791474 0.0072916667 0.0120370370
0 0.0953621678 0.7553290083 0.0197916667 0.0296296296
0 0.0067743616 0.7599629286 0.0119791667 0.0185185185
0 0.0276185513 0.7692307692 0.0171875000 0.0351851852
0 0.0406461699 0.8044485635 0.0078125000 0.0175925926
0 0.0432516936 0.8795180723 0.0098958333 0.0175925926
0 0.0333507035 0.9555143652 0.0119791667 0.0194444444
0 0.0599270453 0.9768303985 0.0088541667 0.0166666667
0 0.2053152684 0.7025023170 0.0067708333 0.0166666667
0 0.2219906201 0.7182576460 0.0078125000 0.0148148148
0 0.2037519541 0.7479147359 0.0098958333 0.0157407407
0 0.2522146952 0.7757182576 0.0078125000 0.0166666667
0 0.2584679521 0.7497683040 0.0088541667 0.0148148148
0 0.2970297030 0.7599629286 0.0109375000 0.0166666667
0 0.3147472642 0.7664504171 0.0098958333 0.0231481481
0 0.3955184992 0.6255792400 0.0166666667 0.0277777778
0 0.3960396040 0.6598702502 0.0234375000 0.0314814815
0 0.4163626889 0.6654309546 0.0109375000 0.0231481481
0 0.4366857738 0.7117701576 0.0093750000 0.0175925926
0 0.3621677957 0.7164040778 0.0062500000 0.0129629630
0 0.3694632621 0.7275254866 0.0114583333 0.0148148148
0 0.3923918708 0.7469879518 0.0130208333 0.0194444444
0 0.4028139656 0.7451343837 0.0067708333 0.0157407407
0 0.4106305367 0.7599629286 0.0119791667 0.0222222222
0 0.3788431475 0.7794253939 0.0104166667 0.0185185185
0 0.3606044815 0.6441149212 0.0109375000 0.0203703704
0 0.4439812402 0.5783132530 0.0328125000 0.0370370370
0 0.4424179260 0.4068582020 0.0072916667 0.0120370370
0 0.4533611256 0.4216867470 0.0078125000 0.0194444444
0 0.4715997916 0.4309545876 0.0072916667 0.0166666667
0 0.4877540386 0.4374420760 0.0072916667 0.0129629630
0 0.5101615425 0.4124189064 0.0062500000 0.0129629630
0 0.5356956748 0.4133456905 0.0130208333 0.0250000000
0 0.5315268369 0.3744207600 0.0135416667 0.0240740741
0 0.5523710266 0.5329008341 0.0296875000 0.0462962963
0 0.5747785305 0.4865616311 0.0151041667 0.0314814815
0 0.5966649297 0.5236329935 0.0078125000 0.0175925926
0 0.6034392913 0.5180722892 0.0083333333 0.0175925926
0 0.6102136529 0.5505097312 0.0072916667 0.0166666667
0 0.6242834810 0.5505097312 0.0093750000 0.0194444444
0 0.6248045857 0.5671918443 0.0088541667 0.0138888889
0 0.5888483585 0.4244670992 0.0062500000 0.0129629630
0 0.6013548723 0.4337349398 0.0067708333 0.0101851852
0 0.6107347577 0.4392956441 0.0052083333 0.0120370370
0 0.6190724336 0.4457831325 0.0072916667 0.0129629630
0 0.6602397082 0.4522706209 0.0052083333 0.0138888889
0 0.6529442418 0.4457831325 0.0052083333 0.0101851852
0 0.6717040125 0.4884151993 0.0062500000 0.0148148148
0 0.5112037520 0.7636700649 0.0114583333 0.0222222222
0 0.5471599792 0.6468952734 0.0067708333 0.0203703704
0 0.5716519020 0.6784059314 0.0119791667 0.0240740741
0 0.5700885878 0.7136237257 0.0114583333 0.0175925926
0 0.6013548723 0.7006487488 0.0104166667 0.0203703704
0 0.6201146430 0.7506950880 0.0119791667 0.0250000000
0 0.6383533090 0.7275254866 0.0119791667 0.0231481481
0 0.6560708702 0.6932344764 0.0088541667 0.0138888889
0 0.7029702970 0.6848934198 0.0109375000 0.0175925926
0 0.7305888484 0.6830398517 0.0130208333 0.0259259259
0 0.6862949453 0.5699721965 0.0088541667 0.0138888889
0 0.6717040125 0.5727525487 0.0104166667 0.0138888889
0 0.6899426785 0.5885078777 0.0109375000 0.0175925926
0 0.7404898385 0.5987025023 0.0130208333 0.0240740741
0 0.7566440855 0.4930491196 0.0104166667 0.0222222222
0 0.7655028661 0.4949026877 0.0083333333 0.0148148148
0 0.8087545597 0.5773864690 0.0125000000 0.0222222222
0 0.8676393955 0.5430954588 0.0104166667 0.0166666667
0 0.8540906722 0.5764596849 0.0072916667 0.0101851852
0 0.8561750912 0.6014828545 0.0098958333 0.0268518519
