0 0.5996872557 0.0528511822 0.0281250000 0.0402777778
0 0.7490226740 0.3310152990 0.0312500000 0.0666666667
0 0.7654417514 0.2684283727 0.0210937500 0.0638888889
0 0.8350273651 0.2559109875 0.0218750000 0.0583333333
0 0.8139171228 0.3949930459 0.0203125000 0.0375000000
0 0.7208756841 0.1376912378 0.0148437500 0.0291666667
0 0.6536356529 0.1112656467 0.0187500000 0.0333333333
0 0.8921032056 0.3087621697 0.0156250000 0.0388888889
0 0.7091477717 0.4186369958 0.0296875000 0.0652777778
0 0.6340891321 0.3699582754 0.0476562500 0.0750000000
0 0.5121188428 0.1641168289 0.0226562500 0.0388888889
0 0.5207193120 0.2044506259 0.0156250000 0.0375000000
0 0.5230648944 0.3087621697 0.0140625000 0.0305555556
0 0.5246286161 0.3324061196 0.0117187500 0.0263888889
0 0.6739640344 0.2573018081 0.0296875000 0.0638888889
0 0.7372947615 0.1905424200 0.0109375000 0.0291666667
0 0.5285379203 0.3977746871 0.0203125000 0.0569444444
0 0.5324472244 0.4742698192 0.0210937500 0.0277777778
0 0.5238467553 0.4979137691 0.0265625000 0.0305555556
0 0.5441751368 0.5090403338 0.0265625000 0.0291666667
0 0.5613760751 0.5090403338 0.0179687500 0.0541666667
0 0.5777951525 0.5187760779 0.0195312500 0.0513888889
0 0.5793588741 0.5660639777 0.0351562500 0.0291666667
0 0.6161063331 0.5326842837 0.0242187500 0.0472222222
0 0.6075058640 0.6439499305 0.0304687500 0.0583333333
0 0.6473807662 0.6717663421 0.0382812500 0.0527777778
0 0.6763096169 0.5257301808 0.0242187500 0.0500000000
0 0.6849100860 0.4589707928 0.0195312500 0.0486111111
0 0.7982799062 0.1919332406 0.0156250000 0.0319444444
0 0.8318999218 0.1057023644 0.0140625000 0.0291666667
0 0.8037529320 0.0542420028 0.0218750000 0.0319444444
0 0.7685691947 0.0319888734 0.0171875000 0.0291666667
