0 0.5645035184 0.0598052851 0.0304687500 0.0958333333
0 0.6145426114 0.0347705146 0.0359375000 0.0541666667
0 0.6215793589 0.0931849791 0.0304687500 0.0750000000
0 0.6489444879 0.0375521558 0.0171875000 0.0541666667
0 0.6802189210 0.0375521558 0.0296875000 0.0555555556
0 0.6747458952 0.1390820584 0.0226562500 0.0694444444
0 0.7302580141 0.0862308762 0.0242187500 0.0833333333
0 0.7075840500 0.2726008345 0.0375000000 0.0875000000
0 0.5465207193 0.2225312935 0.0281250000 0.0472222222
0 0.5621579359 0.2739916551 0.0367187500 0.0652777778
0 0.5770132916 0.4770514604 0.0203125000 0.0305555556
0 0.6012509773 0.4951321280 0.0398437500 0.0583333333
0 0.6520719312 0.5312934631 0.0289062500 0.0583333333
0 0.6184519156 0.5605006954 0.0429687500 0.0402777778
0 0.7263487099 0.4325452017 0.0429687500 0.0777777778
0 0.7404222048 0.1599443672 0.0234375000 0.0444444444
0 0.7630961689 0.2086230876 0.0140625000 0.0333333333
0 0.7935887412 0.2823365786 0.0335937500 0.0791666667
0 0.8600469116 0.2614742698 0.0296875000 0.0722222222
0 0.9132134480 0.3254520167 0.0304687500 0.0708333333
0 0.7701329163 0.3407510431 0.0359375000 0.0847222222
0 0.7888975762 0.0445062587 0.0195312500 0.0388888889
0 0.8287724785 0.0681502086 0.0218750000 0.0527777778
