0 0.4917904613 0.1196105702 0.0179687500 0.0305555556
0 0.4956997654 0.1571627260 0.0140625000 0.0361111111
0 0.5058639562 0.1933240612 0.0125000000 0.0236111111
0 0.5301016419 0.1835883171 0.0140625000 0.0208333333
0 0.4878811572 0.2656467316 0.0132812500 0.0263888889
0 0.4886630180 0.2948539638 0.0179687500 0.0263888889
0 0.7138389367 0.1210013908 0.0132812500 0.0277777778
0 0.6684910086 0.2308762170 0.0156250000 0.0263888889
0 0.7654417514 0.2559109875 0.0226562500 0.0527777778
0 0.7396403440 0.3101529903 0.0140625000 0.0347222222
0 0.7560594214 0.3212795549 0.0226562500 0.0513888889
0 0.8358092260 0.2350486787 0.0226562500 0.0486111111
0 0.7060203284 0.4047287900 0.0242187500 0.0472222222
0 0.6856919468 0.4367176634 0.0171875000 0.0291666667
0 0.6505082095 0.4089012517 0.0265625000 0.0333333333
0 0.6239249414 0.4506258693 0.0218750000 0.0263888889
0 0.5019546521 0.3796940195 0.0195312500 0.0388888889
0 0.4847537138 0.4436717663 0.0148437500 0.0222222222
0 0.4980453479 0.4631432545 0.0156250000 0.0263888889
0 0.5113369820 0.4979137691 0.0179687500 0.0277777778
0 0.5277560594 0.5062586926 0.0226562500 0.0458333333
0 0.5512118843 0.5173852573 0.0179687500 0.0347222222
0 0.5949960907 0.5465924896 0.0195312500 0.0305555556
0 0.5488663018 0.5605006954 0.0406250000 0.0333333333
0 0.5848318999 0.6425591099 0.0320312500 0.0333333333
0 0.6333072713 0.6369958275 0.0195312500 0.0208333333
0 0.6278342455 0.6675938804 0.0250000000 0.0375000000
0 0.6465989054 0.6564673157 0.0156250000 0.0277777778
0 0.5066458170 0.7941585535 0.0125000000 0.0277777778
0 0.4910086005 0.7774687065 0.0156250000 0.0305555556
0 0.4761532447 0.8428372740 0.0171875000 0.0305555556
0 0.4636434715 0.7774687065 0.0164062500 0.0319444444
0 0.4245504300 0.6731571627 0.0132812500 0.0250000000
0 0.5887412041 0.0222531293 0.0210937500 0.0388888889
0 0.8232994527 0.0862308762 0.0164062500 0.0194444444
0 0.7959343237 0.1724617524 0.0125000000 0.0250000000
0 0.8232994527 0.3810848401 0.0140625000 0.0305555556
