0 0.7120500782 0.2458628842 0.0359375000 0.0518867925
0 0.6697965571 0.2033096927 0.0265625000 0.0471698113
0 0.6729264476 0.2387706856 0.0218750000 0.0259433962
0 0.6478873239 0.2033096927 0.0281250000 0.0518867925
0 0.6056338028 0.2647754137 0.0281250000 0.0448113208
0 0.6369327074 0.2718676123 0.0250000000 0.0353773585
0 0.6651017214 0.2742316785 0.0250000000 0.0424528302
0 0.6259780908 0.4278959811 0.0375000000 0.0589622642
0 0.4913928013 0.2387706856 0.0265625000 0.0424528302
0 0.5446009390 0.1205673759 0.0234375000 0.0471698113
0 0.4757433490 0.2624113475 0.0281250000 0.0471698113
0 0.5258215962 0.2813238771 0.0203125000 0.0330188679
0 0.5133020344 0.4444444444 0.0421875000 0.0542452830
0 0.5054773083 0.5059101655 0.0453125000 0.0518867925
0 0.5258215962 0.5744680851 0.0328125000 0.0518867925
0 0.4053208138 0.5531914894 0.0312500000 0.0448113208
0 0.4397496088 0.4940898345 0.0359375000 0.0471698113
0 0.4209702660 0.3900709220 0.0343750000 0.0448113208
0 0.3458528951 0.2600472813 0.0296875000 0.0448113208
0 0.4600938967 0.0543735225 0.0406250000 0.0377358491
0 0.4084507042 0.0543735225 0.0203125000 0.0518867925
0 0.4225352113 0.0709219858 0.0187500000 0.0283018868
0 0.3849765258 0.0874704492 0.0281250000 0.0566037736
0 0.7370892019 0.4799054374 0.0281250000 0.0377358491
0 0.7981220657 0.3829787234 0.0171875000 0.0330188679
0 0.2973395931 0.7021276596 0.0375000000 0.0518867925
0 0.3646322379 0.7494089835 0.0328125000 0.0495283019
0 0.2190923318 0.6737588652 0.0578125000 0.0518867925
0 0.1502347418 0.6926713948 0.0296875000 0.0448113208
0 0.4397496088 0.2151300236 0.0234375000 0.0377358491
0 0.3630672926 0.1323877069 0.0312500000 0.0589622642
0 0.2769953052 0.3664302600 0.0265625000 0.0471698113
0 0.1877934272 0.4799054374 0.0250000000 0.0400943396
0 0.1392801252 0.5673758865 0.0328125000 0.0943396226
0 0.0688575900 0.7730496454 0.0265625000 0.0377358491
0 0.2660406886 0.8085106383 0.0265625000 0.0448113208
0 0.1643192488 0.3286052009 0.0406250000 0.0424528302
