0 0.6478873239 0.2080378251 0.0312500000 0.0471698113
0 0.6697965571 0.2033096927 0.0265625000 0.0518867925
0 0.7120500782 0.2505910165 0.0296875000 0.0424528302
0 0.4929577465 0.2364066194 0.0296875000 0.0471698113
0 0.4773082942 0.2647754137 0.0312500000 0.0377358491
0 0.5289514867 0.2813238771 0.0250000000 0.0377358491
0 0.6040688576 0.2671394799 0.0296875000 0.0471698113
0 0.4538341158 0.0543735225 0.0359375000 0.0377358491
0 0.3630672926 0.1347517730 0.0312500000 0.0495283019
0 0.4428794992 0.2151300236 0.0218750000 0.0353773585
0 0.6291079812 0.4302600473 0.0281250000 0.0495283019
0 0.7370892019 0.4822695035 0.0265625000 0.0518867925
0 0.3818466354 0.0898345154 0.0265625000 0.0400943396
0 0.4068857590 0.0591016548 0.0250000000 0.0353773585
0 0.1674491393 0.2576832151 0.0328125000 0.0259433962
0 0.2143974961 0.2434988180 0.0203125000 0.0400943396
0 0.2316118936 0.2789598109 0.0234375000 0.0306603774
0 0.2801251956 0.3664302600 0.0265625000 0.0377358491
0 0.1799687011 0.3286052009 0.0250000000 0.0330188679
0 0.1596244131 0.3262411348 0.0203125000 0.0306603774
0 0.2613458529 0.3427895981 0.0218750000 0.0330188679
0 0.1909233177 0.4751773050 0.0187500000 0.0424528302
0 0.4241001565 0.3947990544 0.0265625000 0.0495283019
0 0.4460093897 0.4917257683 0.0281250000 0.0542452830
0 0.4100156495 0.5508274232 0.0281250000 0.0542452830
0 0.5086071987 0.5106382979 0.0359375000 0.0542452830
0 0.5273865415 0.5744680851 0.0234375000 0.0400943396
0 0.1533646322 0.6926713948 0.0265625000 0.0400943396
0 0.3035993740 0.6997635934 0.0343750000 0.0542452830
0 0.2253521127 0.6713947991 0.0531250000 0.0683962264
