0 0.4929577465 0.2387706856 0.0296875000 0.0471698113
0 0.4741784038 0.2647754137 0.0265625000 0.0424528302
0 0.6071987480 0.2647754137 0.0328125000 0.0495283019
0 0.6494522692 0.2056737589 0.0265625000 0.0471698113
0 0.6729264476 0.2033096927 0.0218750000 0.0542452830
0 0.7120500782 0.2482269504 0.0328125000 0.0542452830
0 0.6275430360 0.4302600473 0.0312500000 0.0518867925
0 0.4553990610 0.0567375887 0.0406250000 0.0377358491
0 0.4084507042 0.0591016548 0.0312500000 0.0330188679
0 0.3834115806 0.0874704492 0.0281250000 0.0471698113
0 0.3630672926 0.1371158392 0.0312500000 0.0424528302
0 0.3442879499 0.2695035461 0.0281250000 0.0589622642
0 0.4209702660 0.3971631206 0.0359375000 0.0448113208
0 0.4444444444 0.4940898345 0.0265625000 0.0448113208
0 0.5117370892 0.5082742317 0.0406250000 0.0495283019
0 0.5273865415 0.5744680851 0.0312500000 0.0518867925
0 0.4100156495 0.5508274232 0.0312500000 0.0495283019
0 0.3004694836 0.6997635934 0.0328125000 0.0566037736
0 0.1533646322 0.6950354610 0.0281250000 0.0400943396
0 0.2237871674 0.6737588652 0.0500000000 0.0589622642
0 0.1909233177 0.4799054374 0.0218750000 0.0518867925
0 0.1643192488 0.3309692671 0.0421875000 0.0471698113
0 0.2143974961 0.2458628842 0.0250000000 0.0424528302
0 0.2816901408 0.3664302600 0.0281250000 0.0448113208
0 0.2879499218 0.5035460993 0.0375000000 0.0400943396
0 0.4413145540 0.2151300236 0.0203125000 0.0400943396
0 0.5320813772 0.2836879433 0.0281250000 0.0448113208
0 0.5461658842 0.1252955083 0.0234375000 0.0448113208
0 0.7370892019 0.4799054374 0.0312500000 0.0424528302
0 0.2723004695 0.8132387707 0.0187500000 0.0377358491
