0 0.6478873239 0.2127659574 0.0265625000 0.0471698113
0 0.6713615023 0.2080378251 0.0218750000 0.0377358491
0 0.7120500782 0.2505910165 0.0328125000 0.0377358491
0 0.4929577465 0.2340425532 0.0281250000 0.0424528302
0 0.4757433490 0.2600472813 0.0250000000 0.0330188679
0 0.5289514867 0.2789598109 0.0265625000 0.0259433962
0 0.6291079812 0.4278959811 0.0234375000 0.0400943396
0 0.4538341158 0.0543735225 0.0343750000 0.0353773585
0 0.4021909233 0.0543735225 0.0203125000 0.0283018868
0 0.3818466354 0.0851063830 0.0171875000 0.0306603774
0 0.3661971831 0.1394799054 0.0250000000 0.0306603774
0 0.4413145540 0.2151300236 0.0171875000 0.0377358491
0 0.1815336463 0.3262411348 0.0187500000 0.0377358491
0 0.1987480438 0.4799054374 0.0218750000 0.0400943396
0 0.3051643192 0.7021276596 0.0296875000 0.0566037736
0 0.1580594679 0.6997635934 0.0265625000 0.0377358491
0 0.4131455399 0.5531914894 0.0218750000 0.0495283019
0 0.4460093897 0.4940898345 0.0250000000 0.0471698113
0 0.4225352113 0.3900709220 0.0234375000 0.0424528302
0 0.3442879499 0.2553191489 0.0281250000 0.0400943396
0 0.5305164319 0.5721040189 0.0281250000 0.0448113208
0 0.5430359937 0.1229314421 0.0187500000 0.0353773585
0 0.7386541471 0.4846335697 0.0281250000 0.0471698113
0 0.5117370892 0.5106382979 0.0312500000 0.0400943396
0 0.2597809077 0.4633569740 0.0218750000 0.0330188679
0 0.3693270736 0.7494089835 0.0265625000 0.0424528302
0 0.3865414710 0.7139479905 0.0203125000 0.0330188679
0 0.4084507042 0.7352245863 0.0203125000 0.0495283019
0 0.2863849765 0.3640661939 0.0281250000 0.0377358491
