0 0.6447574335 0.2009456265 0.0328125000 0.0566037736
0 0.6697965571 0.1985815603 0.0234375000 0.0613207547
0 0.7104851330 0.2434988180 0.0375000000 0.0566037736
0 0.6040688576 0.2647754137 0.0328125000 0.0424528302
0 0.6369327074 0.2718676123 0.0218750000 0.0259433962
0 0.6212832551 0.4302600473 0.0328125000 0.0566037736
0 0.6651017214 0.2695035461 0.0281250000 0.0400943396
0 0.5446009390 0.1205673759 0.0234375000 0.0400943396
0 0.4569640063 0.0543735225 0.0421875000 0.0353773585
0 0.3834115806 0.0874704492 0.0328125000 0.0495283019
0 0.3615023474 0.1323877069 0.0359375000 0.0495283019
0 0.4913928013 0.2364066194 0.0281250000 0.0448113208
0 0.4694835681 0.2600472813 0.0265625000 0.0377358491
0 0.5133020344 0.4420803783 0.0437500000 0.0518867925
0 0.5070422535 0.5082742317 0.0453125000 0.0589622642
0 0.5226917058 0.5768321513 0.0359375000 0.0589622642
0 0.4381846635 0.4940898345 0.0375000000 0.0471698113
0 0.4209702660 0.3900709220 0.0453125000 0.0589622642
0 0.0672926448 0.7706855792 0.0281250000 0.0353773585
0 0.1126760563 0.7659574468 0.0187500000 0.0330188679
0 0.1486697966 0.6950354610 0.0281250000 0.0400943396
0 0.2159624413 0.6737588652 0.0546875000 0.0589622642
0 0.2926447574 0.7044917258 0.0421875000 0.0683962264
0 0.1862284820 0.4822695035 0.0312500000 0.0377358491
0 0.1361502347 0.5744680851 0.0312500000 0.0825471698
0 0.4068857590 0.0567375887 0.0265625000 0.0448113208
0 0.4256651017 0.0709219858 0.0203125000 0.0283018868
0 0.7386541471 0.4775413712 0.0250000000 0.0353773585
0 0.7965571205 0.3806146572 0.0234375000 0.0353773585
0 0.4162754304 0.2245862884 0.0359375000 0.0448113208
0 0.4397496088 0.2104018913 0.0218750000 0.0306603774
