0 0.4296141814 0.0695410292 0.0312500000 0.0791666667
0 0.4963503650 0.0445062587 0.0510416667 0.0597222222
0 0.5401459854 0.0431154381 0.0250000000 0.0444444444
0 0.5015641293 0.1029207232 0.0447916667 0.0569444444
0 0.5808133472 0.0431154381 0.0416666667 0.0583333333
0 0.5766423358 0.1376912378 0.0322916667 0.0666666667
0 0.6475495308 0.0862308762 0.0343750000 0.0708333333
0 0.6652763295 0.0222531293 0.0322916667 0.0416666667
0 0.7247132430 0.0403337969 0.0270833333 0.0402777778
0 0.7768508863 0.0625869263 0.0281250000 0.0458333333
0 0.8216892596 0.2586926287 0.0447916667 0.0819444444
0 0.8925964546 0.3240611961 0.0343750000 0.0638888889
0 0.6204379562 0.2726008345 0.0541666667 0.0541666667
0 0.7330552659 0.2058414465 0.0333333333 0.0569444444
0 0.7247132430 0.2712100139 0.0406250000 0.0666666667
0 0.7007299270 0.3379694019 0.0479166667 0.0680555556
0 0.6663190824 0.1543810848 0.0250000000 0.0388888889
0 0.7445255474 0.1404728790 0.0302083333 0.0722222222
0 0.4098018770 0.2267037552 0.0302083333 0.0583333333
0 0.4244004171 0.2698191933 0.0260416667 0.0597222222
0 0.4973931178 0.4297635605 0.0312500000 0.0611111111
0 0.4796663191 0.4923504868 0.0427083333 0.0500000000
0 0.5474452555 0.5201668985 0.0343750000 0.0583333333
0 0.5078206465 0.5535465925 0.0562500000 0.0416666667
