0 0.3993743483 0.0472878999 0.0291666667 0.0722222222
0 0.4775808133 0.0764951321 0.0406250000 0.0625000000
0 0.5610010428 0.0250347705 0.0354166667 0.0472222222
0 0.6214807091 0.0820584145 0.0270833333 0.0652777778
0 0.5495307612 0.1251738526 0.0270833333 0.0569444444
0 0.6339937435 0.1557719054 0.0250000000 0.0416666667
0 0.6569343066 0.2058414465 0.0229166667 0.0347222222
0 0.5776850886 0.2656467316 0.0395833333 0.0680555556
0 0.6923879041 0.2851182197 0.0343750000 0.0583333333
0 0.6611053180 0.3490959666 0.0510416667 0.0541666667
0 0.7872784150 0.2656467316 0.0375000000 0.0666666667
0 0.8633993743 0.3226703755 0.0406250000 0.0541666667
0 0.7810218978 0.3616133519 0.0343750000 0.0625000000
0 0.6141814390 0.4450625869 0.0437500000 0.0666666667
0 0.3680917623 0.1988873435 0.0364583333 0.0500000000
0 0.4025026069 0.4047287900 0.0343750000 0.0430555556
0 0.4494264859 0.5062586926 0.0447916667 0.0430555556
0 0.5036496350 0.6328233658 0.0364583333 0.0555555556
0 0.4744525547 0.5618915160 0.0583333333 0.0430555556
0 0.4202294056 0.4756606398 0.0250000000 0.0305555556
