0 0.7799791449 0.2378303199 0.0291666667 0.0375000000
0 0.6871741397 0.2586926287 0.0260416667 0.0444444444
0 0.6736183525 0.3143254520 0.0197916667 0.0402777778
0 0.6538060480 0.3087621697 0.0250000000 0.0319444444
0 0.4400417101 0.0125173853 0.0208333333 0.0263888889
0 0.3065693431 0.3630041725 0.0250000000 0.0472222222
0 0.2836287800 0.4186369958 0.0239583333 0.0291666667
0 0.3034410845 0.4436717663 0.0187500000 0.0277777778
0 0.3232533889 0.4770514604 0.0187500000 0.0277777778
0 0.3430656934 0.4895688456 0.0302083333 0.0458333333
0 0.3712200209 0.5438108484 0.0427083333 0.0388888889
0 0.4421272158 0.5326842837 0.0281250000 0.0375000000
0 0.4932221064 0.4325452017 0.0312500000 0.0444444444
0 0.5693430657 0.4909596662 0.0229166667 0.0347222222
0 0.5787278415 0.5757997218 0.0312500000 0.0541666667
