0 0.4661105318 0.0389429764 0.0312500000 0.0486111111
0 0.3430656934 0.1404728790 0.0270833333 0.0375000000
0 0.3493222106 0.1863699583 0.0197916667 0.0375000000
0 0.5683003128 0.2406119611 0.0250000000 0.0458333333
0 0.6934306569 0.2642559110 0.0302083333 0.0583333333
0 0.6684045881 0.3226703755 0.0375000000 0.0583333333
0 0.7820646507 0.2447844228 0.0322916667 0.0555555556
0 0.7559958290 0.3866481224 0.0229166667 0.0416666667
0 0.8571428571 0.3115438108 0.0260416667 0.0458333333
0 0.6256517205 0.1265646732 0.0208333333 0.0291666667
0 0.3618352450 0.3977746871 0.0291666667 0.0513888889
0 0.3420229406 0.4589707928 0.0218750000 0.0236111111
0 0.3607924922 0.4798331015 0.0218750000 0.0333333333
0 0.3983315954 0.5173852573 0.0322916667 0.0472222222
0 0.4264859228 0.5674547983 0.0489583333 0.0361111111
0 0.4827945777 0.5382475661 0.0291666667 0.0416666667
0 0.4681960375 0.6564673157 0.0312500000 0.0541666667
0 0.5172054223 0.6745479833 0.0312500000 0.0444444444
0 0.5693430657 0.5146036161 0.0250000000 0.0472222222
0 0.5088633994 0.4631432545 0.0354166667 0.0458333333
0 0.4275286757 0.5257301808 0.0395833333 0.0430555556
0 0.6120959333 0.4200278164 0.0437500000 0.0625000000
0 0.5818561001 0.4506258693 0.0270833333 0.0458333333
