0 0.4410844630 0.0681502086 0.0312500000 0.0791666667
0 0.5078206465 0.0458970793 0.0416666667 0.0541666667
0 0.5130344108 0.0987482615 0.0406250000 0.0541666667
0 0.5505735141 0.0486787204 0.0270833333 0.0513888889
0 0.5912408759 0.0472878999 0.0395833333 0.0597222222
0 0.5891553702 0.1390820584 0.0354166667 0.0583333333
0 0.6590198123 0.0862308762 0.0354166667 0.0694444444
0 0.6767466111 0.0208623088 0.0312500000 0.0430555556
0 0.7320125130 0.0361613352 0.0250000000 0.0291666667
0 0.7841501564 0.0570236439 0.0291666667 0.0375000000
0 0.8289885297 0.2573018081 0.0406250000 0.0652777778
0 0.9009384776 0.3240611961 0.0458333333 0.0625000000
0 0.6204379562 0.2600834492 0.0531250000 0.0555555556
0 0.7361835245 0.1933240612 0.0322916667 0.0486111111
0 0.4264859228 0.2267037552 0.0291666667 0.0444444444
0 0.4337851929 0.2739916551 0.0291666667 0.0541666667
0 0.6830031283 0.1432545202 0.0229166667 0.0402777778
