0 0.4191866528 0.0639777469 0.0406250000 0.0833333333
0 0.4890510949 0.0375521558 0.0468750000 0.0555555556
0 0.5338894682 0.0347705146 0.0270833333 0.0472222222
0 0.4942648592 0.0945757997 0.0458333333 0.0611111111
0 0.5693430657 0.1376912378 0.0312500000 0.0638888889
0 0.6089676747 0.2726008345 0.0447916667 0.0736111111
0 0.5755995829 0.0361613352 0.0385416667 0.0500000000
0 0.6621480709 0.0194714882 0.0343750000 0.0375000000
0 0.6371220021 0.0890125174 0.0302083333 0.0694444444
0 0.7695516163 0.0695410292 0.0312500000 0.0458333333
0 0.8143899896 0.2656467316 0.0375000000 0.0736111111
0 0.8863399374 0.3240611961 0.0385416667 0.0611111111
0 0.6569343066 0.1613351878 0.0270833333 0.0444444444
0 0.3972888425 0.2225312935 0.0343750000 0.0444444444
0 0.4171011470 0.2739916551 0.0447916667 0.0652777778
0 0.4702815433 0.5020862309 0.0468750000 0.0541666667
0 0.5401459854 0.5299026426 0.0447916667 0.0625000000
