0 0.7630298819 0.4847080630 0.0201388889 0.0305555556
0 0.7345378735 0.5319740500 0.0388888889 0.0472222222
0 0.7109103544 0.4105653383 0.0215277778 0.0277777778
0 0.9861014593 0.5959221501 0.0208333333 0.0314814815
0 0.8019457957 0.6978683967 0.0152777778 0.0222222222
0 0.7623349548 0.6746987952 0.0180555556 0.0305555556
0 0.5948575400 0.5764596849 0.0388888889 0.0370370370
0 0.5802640723 0.2780352178 0.0263888889 0.0537037037
0 0.4878387769 0.1612604263 0.0194444444 0.0333333333
0 0.4148714385 0.0713623726 0.0166666667 0.0222222222
0 0.2981236970 0.1946246525 0.0222222222 0.0638888889
0 0.3578874218 0.2085264133 0.0166666667 0.0314814815
0 0.0576789437 0.0982391103 0.0375000000 0.0500000000
0 0.0562890896 0.1899907322 0.0284722222 0.0462962963
0 0.1111883252 0.1936978684 0.0250000000 0.0444444444
0 0.1334259903 0.2882298424 0.0291666667 0.0425925926
0 0.1952744962 0.2808155700 0.0256944444 0.0425925926
0 0.0326615705 0.3772011121 0.0256944444 0.0379629630
0 0.0667129951 0.4856348471 0.0277777778 0.0351851852
0 0.1257817929 0.5032437442 0.0291666667 0.0287037037
0 0.0687977762 0.5180722892 0.0201388889 0.0361111111
0 0.2383599722 0.4800741427 0.0291666667 0.0472222222
0 0.1250868659 0.7506950880 0.0284722222 0.0305555556
0 0.3085476025 0.5699721965 0.0208333333 0.0268518519
0 0.3425990271 0.5671918443 0.0194444444 0.0361111111
0 0.4510076442 0.5644114921 0.0236111111 0.0388888889
0 0.4162612926 0.4661723818 0.0187500000 0.0305555556
0 0.5281445448 0.6209453197 0.0263888889 0.0324074074
0 0.4544822794 0.1844300278 0.0187500000 0.0314814815
