0 0.0618485059 0.0963855422 0.0381944444 0.0546296296
0 0.0166782488 0.2233549583 0.0256944444 0.0425925926
0 0.0597637248 0.1899907322 0.0215277778 0.0370370370
0 0.1355107714 0.2910101946 0.0243055556 0.0361111111
0 0.1959694232 0.2817423540 0.0187500000 0.0388888889
0 0.0389159138 0.3818350324 0.0243055556 0.0361111111
0 0.0687977762 0.4837812790 0.0201388889 0.0277777778
0 0.1299513551 0.5041705283 0.0208333333 0.0277777778
0 0.2383599722 0.4819277108 0.0263888889 0.0416666667
0 0.3432939541 0.5727525487 0.0180555556 0.0268518519
0 0.4517025712 0.5690454124 0.0173611111 0.0287037037
0 0.5225851286 0.6237256719 0.0187500000 0.0268518519
0 0.5920778318 0.5810936052 0.0291666667 0.0370370370
0 0.7303683113 0.5347544022 0.0319444444 0.0425925926
0 0.1264767199 0.7534754402 0.0229166667 0.0277777778
0 0.4183460737 0.4680259500 0.0194444444 0.0296296296
