0 0.5816539263 0.2724745134 0.0229166667 0.0648148148
0 0.5635858235 0.2437442076 0.0243055556 0.0333333333
0 0.4899235580 0.1584800741 0.0229166667 0.0333333333
0 0.4544822794 0.1825764597 0.0145833333 0.0277777778
0 0.4155663655 0.0750695088 0.0270833333 0.0370370370
0 0.3891591383 0.0407784986 0.0326388889 0.0444444444
0 0.2724113968 0.0676552363 0.0236111111 0.0490740741
0 0.2960389159 0.1964782206 0.0256944444 0.0611111111
0 0.3592772759 0.2057460612 0.0173611111 0.0268518519
0 0.2487838777 0.0769230769 0.0291666667 0.0333333333
0 0.0535093815 0.1010194625 0.0416666667 0.0453703704
0 0.0528144545 0.1899907322 0.0312500000 0.0583333333
0 0.1091035441 0.1964782206 0.0250000000 0.0555555556
0 0.1313412092 0.2863762743 0.0340277778 0.0453703704
0 0.1911049340 0.2798887859 0.0222222222 0.0379629630
0 0.0340514246 0.3772011121 0.0277777778 0.0379629630
0 0.0667129951 0.4856348471 0.0277777778 0.0361111111
0 0.0701876303 0.5180722892 0.0222222222 0.0324074074
0 0.1271716470 0.5050973123 0.0284722222 0.0351851852
0 0.2376650452 0.4810009268 0.0319444444 0.0453703704
0 0.1271716470 0.7506950880 0.0291666667 0.0333333333
0 0.0361362057 0.7645968489 0.0222222222 0.0379629630
0 0.3106323836 0.5773864690 0.0250000000 0.0351851852
0 0.3446838082 0.5690454124 0.0298611111 0.0398148148
0 0.4510076442 0.5634847081 0.0263888889 0.0435185185
0 0.5274496178 0.6227988879 0.0215277778 0.0370370370
0 0.5934676859 0.5746061168 0.0465277778 0.0435185185
0 0.7651146630 0.4828544949 0.0236111111 0.0425925926
0 0.7074357192 0.3707136237 0.0194444444 0.0259259259
0 0.7129951355 0.4114921223 0.0215277778 0.0314814815
0 0.7630298819 0.6756255792 0.0159722222 0.0277777778
0 0.9881862404 0.5977757183 0.0180555556 0.0324074074
0 0.3467685893 0.2817423540 0.0173611111 0.0296296296
0 0.1528839472 0.5968489342 0.0145833333 0.0277777778
0 0.4169562196 0.4633920297 0.0166666667 0.0268518519
0 0.2911744267 0.3772011121 0.0152777778 0.0324074074
0 0.7345378735 0.5310472660 0.0354166667 0.0555555556
