0 0.7310632384 0.5384615385 0.0250000000 0.0388888889
0 0.5962473940 0.5857275255 0.0187500000 0.0277777778
0 0.5260597637 0.6292863763 0.0173611111 0.0268518519
0 0.4204308548 0.4717330862 0.0152777778 0.0305555556
0 0.3453787352 0.5746061168 0.0173611111 0.0277777778
0 0.2418346074 0.4865616311 0.0194444444 0.0388888889
0 0.0618485059 0.0908248378 0.0263888889 0.0379629630
0 0.0208478110 0.2177942539 0.0291666667 0.0398148148
0 0.0660180681 0.1936978684 0.0180555556 0.0268518519
0 0.1396803336 0.2947173309 0.0215277778 0.0287037037
0 0.2015288395 0.2854494903 0.0180555556 0.0314814815
0 0.0423905490 0.3799814643 0.0187500000 0.0287037037
