0 0.0485133020 0.2505910165 0.0218750000 0.0400943396
0 0.1220657277 0.2624113475 0.0250000000 0.0377358491
0 0.1752738654 0.2671394799 0.0187500000 0.0377358491
0 0.2472613459 0.3664302600 0.0171875000 0.0377358491
0 0.0688575900 0.6690307329 0.0203125000 0.0306603774
0 0.1095461659 0.6666666667 0.0140625000 0.0212264151
0 0.3458528951 0.4397163121 0.0171875000 0.0353773585
0 0.3599374022 0.3806146572 0.0218750000 0.0330188679
0 0.3849765258 0.4302600473 0.0218750000 0.0424528302
0 0.4194053208 0.4208037825 0.0234375000 0.0306603774
0 0.4209702660 0.3711583924 0.0203125000 0.0353773585
0 0.3865414710 0.5295508274 0.0250000000 0.0353773585
0 0.4037558685 0.5248226950 0.0187500000 0.0330188679
0 0.5007824726 0.4444444444 0.0171875000 0.0283018868
0 0.4851330203 0.4822695035 0.0171875000 0.0259433962
0 0.4632237872 0.6808510638 0.0203125000 0.0235849057
0 0.5399061033 0.2624113475 0.0265625000 0.0424528302
0 0.5195618153 0.3522458629 0.0218750000 0.0400943396
0 0.4976525822 0.5177304965 0.0234375000 0.0306603774
0 0.7261345853 0.4018912530 0.0203125000 0.0306603774
0 0.6995305164 0.4940898345 0.0171875000 0.0589622642
0 0.3583724570 0.7895981087 0.0140625000 0.0400943396
0 0.3286384977 0.6997635934 0.0156250000 0.0259433962
0 0.4194053208 0.7990543735 0.0156250000 0.0424528302
0 0.4804381847 0.3096926714 0.0234375000 0.0424528302
0 0.5492957746 0.4160756501 0.0234375000 0.0353773585
0 0.5492957746 0.3735224586 0.0171875000 0.0235849057
