0 0.0532081377 0.2624113475 0.0187500000 0.0377358491
0 0.1298904538 0.2742316785 0.0187500000 0.0283018868
0 0.3427230047 0.4586288416 0.0156250000 0.0353773585
0 0.3834115806 0.5390070922 0.0218750000 0.0306603774
0 0.4021909233 0.5366430260 0.0171875000 0.0259433962
0 0.3818466354 0.4420803783 0.0187500000 0.0306603774
0 0.4209702660 0.5981087470 0.0156250000 0.0353773585
0 0.5211267606 0.3664302600 0.0156250000 0.0306603774
0 0.5508607199 0.3853427896 0.0171875000 0.0259433962
0 0.2488262911 0.3782505910 0.0125000000 0.0353773585
0 0.1111111111 0.6784869976 0.0109375000 0.0235849057
0 0.3536776213 0.3947990544 0.0140625000 0.0306603774
0 0.3302034429 0.3073286052 0.0125000000 0.0283018868
