0 0.1220657277 0.2340425532 0.0296875000 0.0448113208
0 0.1737089202 0.2411347518 0.0281250000 0.0448113208
0 0.1940532081 0.2174940898 0.0250000000 0.0471698113
0 0.0109546166 0.3900709220 0.0187500000 0.0306603774
0 0.1987480438 0.4326241135 0.0234375000 0.0306603774
0 0.2488262911 0.3404255319 0.0203125000 0.0424528302
0 0.2801251956 0.3238770686 0.0203125000 0.0424528302
0 0.2942097027 0.3096926714 0.0250000000 0.0424528302
0 0.2190923318 0.6099290780 0.0203125000 0.0683962264
0 0.0688575900 0.6595744681 0.0250000000 0.0471698113
0 0.1111111111 0.6524822695 0.0171875000 0.0283018868
0 0.1611893584 0.8652482270 0.0171875000 0.0259433962
0 0.1439749609 0.7659574468 0.0203125000 0.0330188679
0 0.1486697966 0.8014184397 0.0187500000 0.0353773585
0 0.2097026604 0.7895981087 0.0203125000 0.0495283019
0 0.3427230047 0.7517730496 0.0234375000 0.0471698113
0 0.3599374022 0.7706855792 0.0156250000 0.0377358491
0 0.4162754304 0.7777777778 0.0187500000 0.0495283019
0 0.3990610329 0.5082742317 0.0515625000 0.0471698113
0 0.3505477308 0.4160756501 0.0171875000 0.0353773585
0 0.3646322379 0.3522458629 0.0203125000 0.0353773585
0 0.3896713615 0.4089834515 0.0265625000 0.0424528302
0 0.4256651017 0.3995271868 0.0250000000 0.0377358491
0 0.4992175274 0.4940898345 0.0265625000 0.0377358491
0 0.5477308294 0.2245862884 0.0281250000 0.0400943396
0 0.4663536776 0.6619385343 0.0265625000 0.0400943396
0 0.4866979656 0.6122931442 0.0250000000 0.0400943396
0 0.3302034429 0.6808510638 0.0156250000 0.0306603774
0 0.2738654147 0.7304964539 0.0140625000 0.0448113208
0 0.2801251956 0.4137115839 0.0171875000 0.0400943396
0 0.0500782473 0.2245862884 0.0312500000 0.0542452830
0 0.4241001565 0.5697399527 0.0265625000 0.0589622642
0 0.5148669797 0.2789598109 0.0187500000 0.0613207547
0 0.0970266041 0.3191489362 0.0187500000 0.0353773585
0 0.7339593114 0.7399527187 0.0218750000 0.0353773585
0 0.8059467919 0.4373522459 0.0234375000 0.0353773585
0 0.8560250391 0.1702127660 0.0203125000 0.0377358491
0 0.8716744914 0.1513002364 0.0265625000 0.0353773585
0 0.8560250391 0.1252955083 0.0203125000 0.0330188679
0 0.8388106416 0.0803782506 0.0281250000 0.0566037736
0 0.5524256651 0.3877068558 0.0234375000 0.0353773585
0 0.5070422535 0.4278959811 0.0312500000 0.0542452830
0 0.7496087637 0.8108747045 0.0203125000 0.0330188679
0 0.4381846635 0.8274231678 0.0156250000 0.0542452830
