0 0.8325508607 0.1158392435 0.0265625000 0.0542452830
0 0.8513302034 0.1536643026 0.0171875000 0.0377358491
0 0.8748043818 0.1843971631 0.0453125000 0.0353773585
0 0.8528951487 0.2033096927 0.0203125000 0.0400943396
0 0.8998435055 0.2458628842 0.0203125000 0.0330188679
0 0.8028169014 0.4539007092 0.0406250000 0.0400943396
0 0.7762128326 0.5721040189 0.0328125000 0.0589622642
0 0.7214397496 0.5650118203 0.0218750000 0.0377358491
0 0.7417840376 0.5981087470 0.0281250000 0.0471698113
0 0.7402190923 0.7352245863 0.0296875000 0.0518867925
0 0.7668231612 0.7801418440 0.0296875000 0.0424528302
0 0.7589984351 0.8085106383 0.0250000000 0.0377358491
0 0.7245696401 0.8581560284 0.0203125000 0.0377358491
0 0.6510172144 0.8392434988 0.0375000000 0.0495283019
0 0.6134585290 0.8557919622 0.0234375000 0.0377358491
0 0.5946791862 0.8557919622 0.0218750000 0.0330188679
0 0.5790297340 0.9054373522 0.0375000000 0.0589622642
0 0.5164319249 0.9290780142 0.0265625000 0.0471698113
0 0.4491392801 0.8274231678 0.0406250000 0.0566037736
0 0.4225352113 0.7730496454 0.0390625000 0.0589622642
0 0.4679186228 0.6619385343 0.0296875000 0.0542452830
0 0.4913928013 0.6122931442 0.0390625000 0.0660377358
0 0.5305164319 0.6501182033 0.0281250000 0.0566037736
0 0.4068857590 0.4988179669 0.0687500000 0.0660377358
0 0.4319248826 0.5650118203 0.0296875000 0.0731132075
0 0.4241001565 0.3947990544 0.0359375000 0.0589622642
0 0.3849765258 0.3971631206 0.0359375000 0.0495283019
0 0.3974960876 0.4397163121 0.0578125000 0.0424528302
0 0.3458528951 0.2434988180 0.0468750000 0.0400943396
0 0.2957746479 0.3333333333 0.0484375000 0.0542452830
0 0.2566510172 0.3451536643 0.0281250000 0.0471698113
0 0.1705790297 0.2505910165 0.0328125000 0.0471698113
0 0.1158059468 0.2387706856 0.0359375000 0.0495283019
0 0.1392801252 0.1796690307 0.0312500000 0.0448113208
0 0.0907668232 0.3262411348 0.0281250000 0.0471698113
0 0.1314553991 0.4278959811 0.0312500000 0.0471698113
0 0.1987480438 0.4420803783 0.0343750000 0.0542452830
0 0.2050078247 0.3333333333 0.0265625000 0.0495283019
0 0.2222222222 0.6146572104 0.0265625000 0.0660377358
0 0.0688575900 0.6737588652 0.0265625000 0.0589622642
0 0.0266040689 0.5460992908 0.0296875000 0.0448113208
0 0.1111111111 0.6595744681 0.0156250000 0.0283018868
0 0.1502347418 0.7139479905 0.0218750000 0.0400943396
0 0.1956181534 0.7683215130 0.0218750000 0.0542452830
0 0.2143974961 0.7966903073 0.0203125000 0.0636792453
0 0.1674491393 0.8747044917 0.0187500000 0.0306603774
0 0.1471048513 0.7754137116 0.0187500000 0.0353773585
0 0.1784037559 0.6430260047 0.0250000000 0.0542452830
0 0.3505477308 0.7517730496 0.0265625000 0.0660377358
0 0.3693270736 0.7683215130 0.0250000000 0.0424528302
0 0.3568075117 0.8321513002 0.0234375000 0.0353773585
0 0.7402190923 0.9054373522 0.0343750000 0.0448113208
0 0.0109546166 0.7541371158 0.0234375000 0.0353773585
